0,4000,1952074,180.00,180.00,0.00,0.00
0,4000,1956074,180.00,180.00,0.00,0.00
0,4000,1960074,180.00,180.00,0.00,0.00
0,4000,1964074,180.00,180.00,0.00,0.00
0,4000,1968074,180.00,180.00,0.00,0.00
0,4000,1972074,180.00,180.00,0.00,0.00
0,4000,1976074,180.00,180.00,0.00,0.00
0,4000,1980074,180.00,180.00,0.00,0.00
0,4000,1984074,180.12,180.00,0.00,3000.00
0,4000,1988074,180.24,180.00,0.00,3000.00
0,4000,1992074,180.36,180.00,0.00,3000.00
0,4000,1996074,180.48,180.00,0.00,3000.00
0,4000,2000074,180.60,180.00,0.00,3000.00
0,4000,2004074,180.72,180.00,0.00,3000.00
0,4000,2008074,180.84,180.00,0.00,3000.00
0,4000,2012074,180.96,180.00,0.00,3000.00
0,4000,2016074,181.08,180.00,0.00,3000.00
0,4000,2020074,181.20,180.00,0.00,3000.00
0,4000,2024074,181.32,180.00,0.00,3000.00
0,4000,2028074,181.44,180.00,0.00,3000.00
0,4000,2032074,181.56,180.00,0.00,3000.00
0,4000,2036074,181.68,180.26,10.77,3000.00
0,4000,2040074,181.80,180.26,0.00,3000.00
0,4000,2044074,181.92,180.39,5.38,3000.00
0,4000,2048074,182.04,180.52,5.38,3000.00
0,4000,2052074,182.16,180.78,10.77,3000.00
0,4000,2056074,182.28,180.90,5.38,3000.00
0,4000,2060074,182.40,181.16,10.77,3000.00
0,4000,2064074,182.52,181.29,5.38,3000.00
0,4000,2068074,182.64,181.55,10.77,3000.00
0,4000,2072074,182.76,181.81,10.77,3000.00
0,4000,2076074,182.88,181.94,5.38,3000.00
0,4000,2080074,183.00,182.20,10.77,3000.00
0,4000,2084074,183.12,182.33,5.38,3000.00
0,4000,2088074,183.24,182.46,5.38,3000.00
0,4000,2092074,183.36,182.58,5.38,3000.00
0,4000,2096074,183.48,182.58,0.00,3000.00
0,4000,2100074,183.60,182.58,0.00,3000.00
0,4000,2104074,183.72,182.58,0.00,3000.00
0,4000,2108074,183.84,182.58,0.00,3000.00
0,4000,2112074,183.96,182.71,5.38,3000.00
0,4000,2116074,184.08,182.71,0.00,3000.00
0,4000,2120074,184.20,182.71,0.00,3000.00
0,4000,2124074,184.32,182.84,5.38,3000.00
0,4000,2128074,184.44,182.84,0.00,3000.00
0,4000,2132074,184.56,182.97,5.38,3000.00
0,4000,2136074,184.68,183.10,5.38,3000.00
0,4000,2140074,184.80,183.10,0.00,3000.00
0,4000,2144074,184.92,183.10,0.00,3000.00
0,4000,2148074,185.04,183.23,5.38,3000.00
0,4000,2152074,185.16,183.36,5.38,3000.00
0,4000,2156074,185.28,183.49,5.38,3000.00
0,4000,2160074,185.40,183.62,0.00,3000.00
0,4000,2164074,185.52,183.62,5.38,3000.00
0,4000,2168074,185.64,183.75,5.38,3000.00
0,4000,2172074,185.76,183.88,5.38,3000.00
0,4000,2176074,185.88,184.01,5.38,3000.00
0,4000,2180074,186.00,184.13,5.38,3000.00
0,4000,2184074,186.12,184.13,0.00,3000.00
0,4000,2188074,186.24,184.26,5.38,3000.00
0,4000,2192074,186.36,184.39,5.38,3000.00
0,4000,2196074,186.48,184.52,5.38,3000.00
0,4000,2200074,186.60,184.65,5.38,3000.00
0,4000,2204074,186.72,184.78,5.38,3000.00
0,4000,2208074,186.84,184.91,5.38,3000.00
0,4000,2212074,186.96,184.91,0.00,3000.00
0,4000,2216074,187.08,185.17,10.77,3000.00
0,4000,2220074,187.20,185.17,0.00,3000.00
0,4000,2224074,187.32,185.30,5.38,3000.00
0,4000,2228074,187.44,185.43,5.38,3000.00
0,4000,2232074,187.56,185.56,5.38,3000.00
0,4000,2236074,187.68,185.69,5.38,3000.00
0,4000,2240074,187.80,185.69,0.00,3000.00
0,4000,2244074,187.92,185.81,5.38,3000.00
0,4000,2248074,188.04,185.94,5.38,3000.00
0,4000,2252074,188.16,186.07,5.38,3000.00
0,4000,2256074,188.28,186.20,5.38,3000.00
0,4000,2260074,188.40,186.33,5.38,3000.00
0,4000,2264074,188.52,186.46,5.38,3000.00
0,4000,2268074,188.64,186.59,5.38,3000.00
0,4000,2272074,188.76,186.72,5.38,3000.00
0,4000,2276074,188.88,186.85,5.38,3000.00
0,4000,2280074,189.00,186.98,5.38,3000.00
0,4000,2284074,189.12,187.11,5.38,3000.00
0,4000,2288074,189.24,187.24,5.38,3000.00
0,4000,2292074,189.36,187.49,10.77,3000.00
0,4000,2296074,189.48,187.62,5.38,3000.00
0,4000,2300074,189.60,187.75,5.38,3000.00
0,4000,2304074,189.72,187.88,5.38,3000.00
0,4000,2308074,189.84,188.01,5.38,3000.00
0,4000,2312074,189.96,188.27,10.77,3000.00
0,4000,2316074,190.08,188.40,5.38,3000.00
0,4000,2320074,190.20,188.53,5.38,3000.00
0,4000,2324074,190.32,188.66,5.38,3000.00
0,4000,2328074,190.44,188.92,5.38,3000.00
0,4000,2332074,190.56,189.04,10.77,3000.00
0,4000,2336074,190.68,189.17,5.38,3000.00
0,4000,2340074,190.80,189.43,10.77,3000.00
0,4000,2344074,190.92,189.56,5.38,3000.00
0,4000,2348074,191.04,189.69,5.38,3000.00
0,4000,2352074,191.16,189.82,5.38,3000.00
0,4000,2356074,191.28,190.08,10.77,3000.00
0,4000,2360074,191.40,190.21,5.38,3000.00
0,4000,2364074,191.52,190.34,5.38,3000.00
0,4000,2368074,191.64,190.47,5.38,3000.00
0,4000,2372074,191.76,190.60,5.38,3000.00
0,4000,2376074,191.88,190.85,5.38,3000.00
0,4000,2380074,192.00,190.85,0.00,3000.00
0,4000,2384074,192.12,190.98,5.38,3000.00
0,4000,2388074,192.24,191.11,5.38,3000.00
0,4000,2392074,192.36,191.24,5.38,3000.00
0,4000,2396074,192.48,191.37,5.38,3000.00
0,4000,2400074,192.60,191.37,0.00,3000.00
0,4000,2404074,192.72,191.37,0.00,3000.00
0,4000,2408074,192.84,191.50,5.38,3000.00
0,4000,2412074,192.96,191.50,0.00,3000.00
0,4000,2416074,193.08,191.63,5.38,3000.00
0,4000,2420074,193.20,191.63,0.00,3000.00
0,4000,2424074,193.32,191.63,0.00,3000.00
0,4000,2428074,193.44,191.63,0.00,3000.00
0,4000,2432074,193.56,191.63,0.00,3000.00
0,4000,2436074,193.68,191.63,0.00,3000.00
0,4000,2440074,193.80,191.63,0.00,3000.00
0,4000,2444074,193.92,191.63,0.00,3000.00
0,4000,2448074,194.04,191.63,0.00,3000.00
0,4000,2452074,194.16,191.76,5.38,3000.00
0,4000,2456074,194.28,191.76,0.00,3000.00
0,4000,2460074,194.40,191.76,0.00,3000.00
0,4000,2464074,194.52,191.76,0.00,3000.00
0,4000,2468074,194.64,191.76,0.00,3000.00
0,4000,2472074,194.76,191.89,5.38,3000.00
0,4000,2476074,194.88,191.89,0.00,3000.00
0,4000,2480074,195.00,191.89,0.00,3000.00
0,4000,2484074,195.12,191.89,0.00,3000.00
0,4000,2488074,195.24,191.89,0.00,3000.00
0,4000,2492074,195.36,191.89,0.00,3000.00
0,4000,2496074,195.48,191.89,0.00,3000.00
0,4000,2500074,195.60,191.89,0.00,3000.00
0,4000,2504074,195.72,191.89,0.00,3000.00
0,4000,2508074,195.84,191.89,0.00,3000.00
0,4000,2512074,195.96,191.89,0.00,3000.00
0,4000,2516074,196.08,192.02,5.38,3000.00
0,4000,2520074,196.20,192.02,0.00,3000.00
0,4000,2524074,196.32,192.02,0.00,3000.00
0,4000,2528074,196.44,192.02,0.00,3000.00
0,4000,2532074,196.56,192.02,0.00,3000.00
0,4000,2536074,196.68,192.02,0.00,3000.00
0,4000,2540074,196.80,192.02,0.00,3000.00
0,4000,2544074,196.92,192.02,0.00,3000.00
0,4000,2548074,197.04,192.15,5.38,3000.00
0,4000,2552074,197.16,192.15,0.00,3000.00
0,4000,2556074,197.28,192.15,0.00,3000.00
0,4000,2560074,197.40,192.15,0.00,3000.00
0,4000,2564074,197.52,192.15,0.00,3000.00
0,4000,2568074,197.64,192.15,0.00,3000.00
0,4000,2572074,197.76,192.28,5.38,3000.00
0,4000,2576074,197.88,192.28,0.00,3000.00
0,4000,2580074,198.00,192.28,0.00,3000.00
0,4000,2584074,198.12,192.28,0.00,3000.00
0,4000,2588074,198.24,192.28,0.00,3000.00
0,4000,2592074,198.36,192.28,0.00,3000.00
0,4000,2596074,198.48,192.40,5.38,3000.00
0,4000,2600074,198.60,192.40,0.00,3000.00
0,4000,2604074,198.72,192.40,0.00,3000.00
0,4000,2608074,198.84,192.40,0.00,3000.00
0,4000,2612074,198.96,192.53,0.00,3000.00
0,4000,2616074,199.08,192.53,5.38,3000.00
0,4000,2620074,199.20,192.53,0.00,3000.00
0,4000,2624074,199.32,192.66,5.38,3000.00
0,4000,2628074,199.44,192.66,0.00,3000.00
0,4000,2632074,199.56,192.66,0.00,3000.00
0,4000,2636074,199.68,192.79,5.38,3000.00
0,4000,2640074,199.80,192.79,0.00,3000.00
0,4000,2644074,199.92,192.79,0.00,3000.00
0,4000,2648074,200.04,192.79,0.00,3000.00
0,4000,2652074,200.16,192.92,5.38,3000.00
0,4000,2656074,200.28,192.92,0.00,3000.00
0,4000,2660074,200.40,192.92,0.00,3000.00
0,4000,2664074,200.52,192.92,0.00,3000.00
0,4000,2668074,200.64,192.92,0.00,3000.00
0,4000,2672074,200.76,192.92,0.00,3000.00
0,4000,2676074,200.88,192.92,0.00,3000.00
0,4000,2680074,201.00,192.92,0.00,3000.00
0,4000,2684074,201.12,192.92,0.00,3000.00
0,4000,2688074,201.24,192.92,0.00,3000.00
0,4000,2692074,201.36,193.05,5.38,3000.00
0,4000,2696074,201.48,193.05,0.00,3000.00
0,4000,2700074,201.60,193.05,0.00,3000.00
0,4000,2704074,201.72,193.05,0.00,3000.00
0,4000,2708074,201.84,193.05,0.00,3000.00
0,4000,2712074,201.96,193.05,0.00,3000.00
0,4000,2716074,202.08,193.05,0.00,3000.00
0,4000,2720074,202.20,193.05,0.00,3000.00
0,4000,2724074,202.32,193.05,0.00,3000.00
0,4000,2728074,202.44,193.05,0.00,3000.00
0,4000,2732074,202.56,193.05,0.00,3000.00
0,4000,2736074,202.68,193.18,5.38,3000.00
0,4000,2740074,202.80,193.18,0.00,3000.00
0,4000,2744074,202.92,193.18,0.00,3000.00
0,4000,2748074,203.04,193.18,0.00,3000.00
0,4000,2752074,203.16,193.18,0.00,3000.00
0,4000,2756074,203.28,193.18,0.00,3000.00
0,4000,2760074,203.40,193.18,0.00,3000.00
0,4000,2764074,203.52,193.18,0.00,3000.00
0,4000,2768074,203.64,193.31,5.38,3000.00
0,4000,2772074,203.76,193.31,0.00,3000.00
0,4000,2776074,203.88,193.31,0.00,3000.00
0,4000,2780074,204.00,193.31,0.00,3000.00
0,4000,2784074,204.12,193.31,0.00,3000.00
0,4000,2788074,204.24,193.31,0.00,3000.00
0,4000,2792074,204.36,193.31,0.00,3000.00
0,4000,2796074,204.48,193.31,0.00,3000.00
0,4000,2800074,204.60,193.31,0.00,3000.00
0,4000,2804074,204.72,193.31,0.00,3000.00
0,4000,2808074,204.84,193.31,0.00,3000.00
0,4000,2812074,204.96,193.31,0.00,3000.00
0,4000,2816074,205.08,193.44,5.38,3000.00
0,4000,2820074,205.20,193.44,0.00,3000.00
0,4000,2824074,205.32,193.44,0.00,3000.00
0,4000,2828074,205.44,193.44,0.00,3000.00
0,4000,2832074,205.56,193.44,0.00,3000.00
0,4000,2836074,205.68,193.44,0.00,3000.00
0,4000,2840074,205.80,193.44,0.00,3000.00
0,4000,2844074,205.92,193.44,0.00,3000.00
0,4000,2848074,206.04,193.44,0.00,3000.00
0,4000,2852074,206.16,193.44,0.00,3000.00
0,4000,2856074,206.28,193.44,0.00,3000.00
0,4000,2860074,206.40,193.44,0.00,3000.00
0,4000,2864074,206.52,193.44,0.00,3000.00
0,4000,2868074,206.64,193.44,0.00,3000.00
0,4000,2872074,206.76,193.44,0.00,3000.00
0,4000,2876074,206.88,193.57,5.38,3000.00
0,4000,2880074,207.00,193.57,0.00,3000.00
0,4000,2884074,207.12,193.57,0.00,3000.00
0,4000,2888074,207.24,193.57,0.00,3000.00
0,4000,2892074,207.36,193.57,0.00,3000.00
0,4000,2896074,207.48,193.57,0.00,3000.00
0,4000,2900074,207.60,193.57,0.00,3000.00
0,4000,2904074,207.72,193.57,0.00,3000.00
0,4000,2908074,207.84,193.57,0.00,3000.00
0,4000,2912074,207.96,193.70,5.38,3000.00
0,4000,2916074,208.08,193.70,0.00,3000.00
0,4000,2920074,208.20,193.70,0.00,3000.00
0,4000,2924074,208.32,193.70,0.00,3000.00
0,4000,2928074,208.44,193.70,0.00,3000.00
0,4000,2932074,208.56,193.70,0.00,3000.00
0,4000,2936074,208.68,193.70,0.00,3000.00
0,4000,2940074,208.80,193.70,0.00,3000.00
0,4000,2944074,208.92,193.70,0.00,3000.00
0,4000,2948074,209.04,193.70,0.00,3000.00
0,4000,2952074,209.16,193.70,0.00,3000.00
0,4000,2956074,209.28,193.70,0.00,3000.00
0,4000,2960074,209.40,193.70,0.00,3000.00
0,4000,2964074,209.52,193.70,0.00,3000.00
0,4000,2968074,209.64,193.70,0.00,3000.00
0,4000,2972074,209.76,193.70,0.00,3000.00
0,4000,2976074,209.88,193.70,0.00,3000.00
0,4000,2980074,210.00,193.70,0.00,3000.00
0,4000,2984074,210.00,193.70,0.00,3000.00
0,4000,2988074,210.00,193.70,0.00,3000.00
0,4000,2992074,210.00,193.70,0.00,3000.00
0,4000,2996074,210.00,193.70,0.00,3000.00
0,4000,3000074,210.00,193.70,0.00,3000.00
0,4000,3004074,210.00,193.70,0.00,3000.00
0,4000,3008074,210.00,193.70,0.00,3000.00
0,4000,3012074,210.00,193.70,0.00,3000.00
0,4000,3016074,210.00,193.83,5.38,3000.00
0,4000,3020074,210.00,193.83,0.00,3000.00
0,4000,3024074,210.00,193.83,0.00,3000.00
0,4000,3028074,210.00,193.83,0.00,3000.00
0,4000,3032074,210.00,193.83,0.00,3000.00
0,4000,3036074,210.00,193.83,0.00,3000.00
0,4000,3040074,210.00,193.83,0.00,3000.00
0,4000,3044074,210.00,193.83,0.00,3000.00
0,4000,3048074,210.00,193.83,0.00,3000.00
0,4000,3052074,210.00,193.95,5.38,3000.00
0,4000,3056074,210.00,193.95,0.00,3000.00
0,4000,3060074,210.00,193.95,0.00,3000.00
0,4000,3064074,210.00,193.95,0.00,3000.00
0,4000,3068074,210.00,193.95,0.00,3000.00
0,4000,3072074,210.00,193.95,0.00,3000.00
0,4000,3076074,210.00,193.95,0.00,3000.00
0,4000,3080074,210.00,193.95,0.00,3000.00
0,4000,3084074,210.00,193.95,0.00,3000.00
0,4000,3088074,210.00,193.95,0.00,3000.00
0,4000,3092074,210.00,193.95,0.00,3000.00
0,4000,3096074,210.00,194.08,5.38,3000.00
0,4000,3100074,210.00,194.08,0.00,3000.00
0,4000,3104074,210.00,194.08,0.00,3000.00
0,4000,3108074,210.00,194.08,0.00,3000.00
0,4000,3112074,210.00,194.08,0.00,3000.00
0,4000,3116074,210.00,194.08,0.00,3000.00
0,4000,3120074,210.00,194.08,0.00,3000.00
0,4000,3124074,210.00,194.08,0.00,3000.00
0,4000,3128074,210.00,194.08,0.00,3000.00
0,4000,3132074,209.80,194.08,0.00,3000.00
0,4000,3136074,209.60,194.08,0.00,3000.00
0,4000,3140074,209.40,194.08,0.00,3000.00
0,4000,3144074,209.20,194.08,0.00,3000.00
0,4000,3148074,209.00,194.08,0.00,3000.00
0,4000,3152074,208.80,194.21,5.38,3000.00
0,4000,3156074,208.60,194.21,0.00,3000.00
0,4000,3160074,208.40,194.21,0.00,3000.00
0,4000,3164074,208.20,194.21,0.00,3000.00
0,4000,3168074,208.00,194.21,0.00,3000.00
0,4000,3172074,207.80,194.21,0.00,3000.00
0,4000,3176074,207.60,194.21,0.00,3000.00
0,4000,3180074,207.40,194.21,0.00,3000.00
0,4000,3184074,207.20,194.21,0.00,3000.00
0,4000,3188074,207.00,194.21,0.00,3000.00
0,4000,3192074,206.80,194.34,5.38,3000.00
0,4000,3196074,206.60,194.34,0.00,3000.00
0,4000,3200074,206.40,194.34,0.00,3000.00
0,4000,3204074,206.20,194.34,0.00,3000.00
0,4000,3208074,206.00,194.34,0.00,3000.00
0,4000,3212074,205.80,194.34,0.00,3000.00
0,4000,3216074,205.60,194.34,0.00,3000.00
0,4000,3220074,205.40,194.34,0.00,3000.00
0,4000,3224074,205.20,194.34,0.00,3000.00
0,4000,3228074,205.00,194.34,0.00,3000.00
0,4000,3232074,204.80,194.47,5.38,3000.00
0,4000,3236074,204.60,194.47,0.00,3000.00
0,4000,3240074,204.40,194.47,0.00,3000.00
0,4000,3244074,204.20,194.47,0.00,3000.00
0,4000,3248074,204.00,194.47,0.00,3000.00
0,4000,3252074,203.80,194.47,0.00,3000.00
0,4000,3256074,203.60,194.47,0.00,3000.00
0,4000,3260074,203.40,194.47,0.00,3000.00
0,4000,3264074,203.20,194.47,0.00,3000.00
0,4000,3268074,203.00,194.47,0.00,3000.00
0,4000,3272074,202.80,194.47,0.00,3000.00
0,4000,3276074,202.60,194.47,0.00,3000.00
0,4000,3280074,202.40,194.47,0.00,3000.00
0,4000,3284074,202.20,194.47,0.00,3000.00
0,4000,3288074,202.00,194.47,0.00,3000.00
0,4000,3292074,201.80,194.47,0.00,3000.00
0,4000,3296074,201.60,194.47,0.00,3000.00
0,4000,3300074,201.40,194.47,0.00,3000.00
0,4000,3304074,201.20,194.47,0.00,3000.00
0,4000,3308074,201.00,194.47,0.00,3000.00
0,4000,3312074,200.80,194.47,0.00,3000.00
0,4000,3316074,200.60,194.47,0.00,3000.00
0,4000,3320074,200.40,194.47,0.00,3000.00
0,4000,3324074,200.20,194.47,0.00,3000.00
0,4000,3328074,200.00,194.47,0.00,3000.00
0,4000,3332074,199.80,194.60,5.38,3000.00
0,4000,3336074,199.60,194.60,0.00,3000.00
0,4000,3340074,199.40,194.60,0.00,3000.00
0,4000,3344074,199.20,194.60,0.00,3000.00
0,4000,3348074,199.00,194.60,0.00,3000.00
0,4000,3352074,198.80,194.60,0.00,3000.00
0,4000,3356074,198.60,194.60,0.00,3000.00
0,4000,3360074,198.40,194.60,0.00,3000.00
0,4000,3364074,198.20,194.60,0.00,3000.00
0,4000,3368074,198.00,194.73,5.38,3000.00
0,4000,3372074,197.80,194.73,0.00,3000.00
0,4000,3376074,197.60,194.73,0.00,3000.00
0,4000,3380074,197.40,194.73,0.00,3000.00
0,4000,3384074,197.20,194.73,0.00,3000.00
0,4000,3388074,197.00,194.73,0.00,3000.00
0,4000,3392074,196.80,194.73,0.00,3000.00
0,4000,3396074,196.60,194.73,0.00,3000.00
0,4000,3400074,196.40,194.73,0.00,3000.00
0,4000,3404074,196.20,194.73,0.00,3000.00
0,4000,3408074,196.00,194.73,0.00,3000.00
0,4000,3412074,195.80,194.73,0.00,3000.00
0,4000,3416074,195.60,194.73,0.00,3000.00
0,4000,3420074,195.40,194.73,0.00,3000.00
0,4000,3424074,195.20,194.73,0.00,3000.00
0,4000,3428074,195.00,194.60,-5.38,3000.00
0,4000,3432074,194.80,194.47,-5.38,3000.00
0,4000,3436074,194.60,194.47,0.00,3000.00
0,4000,3440074,194.40,194.34,-5.38,3000.00
0,4000,3444074,194.20,194.21,-5.38,3000.00
0,4000,3448074,194.00,194.21,0.00,3000.00
0,4000,3452074,193.80,193.95,-10.77,3000.00
0,4000,3456074,193.60,193.95,0.00,3000.00
0,4000,3460074,193.40,193.70,-10.77,3000.00
0,4000,3464074,193.20,193.57,-5.38,3000.00
0,4000,3468074,193.00,193.44,-5.38,3000.00
0,4000,3472074,192.80,193.18,-10.77,3000.00
0,4000,3476074,192.60,193.05,-5.38,3000.00
0,4000,3480074,192.40,192.92,-5.38,3000.00
0,4000,3484074,192.20,192.66,-10.77,3000.00
0,4000,3488074,192.00,192.40,-10.77,3000.00
0,4000,3492074,191.80,192.28,-5.38,3000.00
0,4000,3496074,191.60,192.02,-10.77,3000.00
0,4000,3500074,191.40,191.76,-5.38,3000.00
0,4000,3504074,191.20,191.63,-10.77,3000.00
0,4000,3508074,191.00,191.37,-10.77,3000.00
0,4000,3512074,190.80,191.11,-10.77,3000.00
0,4000,3516074,190.60,190.85,-10.77,3000.00
0,4000,3520074,190.40,190.60,-10.77,3000.00
0,4000,3524074,190.20,190.34,-10.77,3000.00
0,4000,3528074,190.00,190.08,-10.77,3000.00
0,4000,3532074,189.80,189.95,-5.38,3000.00
0,4000,3536074,189.60,189.69,-10.77,3000.00
0,4000,3540074,189.40,189.43,-10.77,3000.00
0,4000,3544074,189.20,189.17,-10.77,3000.00
0,4000,3548074,189.00,188.92,-10.77,3000.00
0,4000,3552074,188.80,188.66,-10.77,3000.00
0,4000,3556074,188.60,188.40,-10.77,3000.00
0,4000,3560074,188.40,188.14,-10.77,3000.00
0,4000,3564074,188.20,188.01,-5.38,3000.00
0,4000,3568074,188.00,187.75,-10.77,3000.00
0,4000,3572074,187.80,187.49,-10.77,3000.00
0,4000,3576074,187.60,187.24,-10.77,3000.00
0,4000,3580074,187.40,186.98,-10.77,3000.00
0,4000,3584074,187.20,186.85,-5.38,3000.00
0,4000,3588074,187.00,186.59,-10.77,3000.00
0,4000,3592074,186.80,186.33,-10.77,3000.00
0,4000,3596074,186.60,186.20,-5.38,3000.00
0,4000,3600074,186.40,185.94,-10.77,3000.00
0,4000,3604074,186.20,185.69,-10.77,3000.00
0,4000,3608074,186.00,185.56,-5.38,3000.00
0,4000,3612074,185.80,185.30,-10.77,3000.00
0,4000,3616074,185.60,185.17,-5.38,3000.00
0,4000,3620074,185.40,184.91,-10.77,3000.00
0,4000,3624074,185.20,184.78,-5.38,3000.00
0,4000,3628074,185.00,184.65,-5.38,3000.00
0,4000,3632074,184.80,184.39,-10.77,3000.00
0,4000,3636074,184.60,184.26,-5.38,3000.00
0,4000,3640074,184.40,184.13,-5.38,3000.00
0,4000,3644074,184.20,183.88,-10.77,3000.00
0,4000,3648074,184.00,183.75,-5.38,3000.00
0,4000,3652074,183.80,183.62,-5.38,3000.00
0,4000,3656074,183.60,183.49,-5.38,3000.00
0,4000,3660074,183.40,183.36,-5.38,3000.00
0,4000,3664074,183.20,183.23,-5.38,3000.00
0,4000,3668074,183.00,183.10,-5.38,3000.00
0,4000,3672074,182.80,182.97,-5.38,3000.00
0,4000,3676074,182.60,182.84,-5.38,3000.00
0,4000,3680074,182.40,182.84,0.00,3000.00
0,4000,3684074,182.20,182.71,-5.38,3000.00
0,4000,3688074,182.00,182.58,-5.38,3000.00
0,4000,3692074,181.80,182.58,0.00,3000.00
0,4000,3696074,181.60,182.46,-5.38,3000.00
0,4000,3700074,181.40,182.33,-5.38,3000.00
0,4000,3704074,181.20,182.33,0.00,3000.00
0,4000,3708074,181.00,182.20,-5.38,3000.00
0,4000,3712074,180.80,182.07,-5.38,3000.00
0,4000,3716074,180.60,181.81,-10.77,3000.00
0,4000,3720074,180.40,181.55,-10.77,3000.00
0,4000,3724074,180.20,181.29,-10.77,3000.00
0,4000,3728074,180.00,181.03,-10.77,3000.00
0,4000,3732074,180.00,180.65,-16.15,3000.00
0,4000,3736074,180.00,180.26,-16.15,3000.00
0,4000,3740074,180.00,179.87,-16.15,3000.00
0,4000,3744074,180.00,179.48,-16.15,3000.00
0,4000,3748074,180.00,179.22,-10.77,3000.00
0,4000,3752074,180.00,178.97,-10.77,3000.00
0,4000,3756074,180.00,178.58,-16.15,3000.00
0,4000,3760074,180.00,178.32,-10.77,3000.00
0,4000,3764074,180.00,178.06,-10.77,3000.00
0,4000,3768074,180.00,177.93,-5.38,3000.00
0,4000,3772074,180.00,177.93,0.00,3000.00
0,4000,3776074,180.00,177.80,-5.38,3000.00
0,4000,3780074,180.00,177.80,0.00,3000.00
0,4000,3784074,180.00,177.80,0.00,3000.00
0,4000,3788074,180.00,177.93,5.38,3000.00
0,4000,3792074,180.00,178.06,5.38,3000.00
0,4000,3796074,180.00,178.32,10.77,3000.00
0,4000,3800074,180.00,178.45,5.38,3000.00
0,4000,3804074,180.00,178.71,10.77,3000.00
0,4000,3808074,180.00,178.97,10.77,3000.00
0,4000,3812074,180.00,179.22,10.77,3000.00
0,4000,3816074,180.00,179.61,16.15,3000.00
0,4000,3820074,180.00,180.00,16.15,3000.00
0,4000,3824074,180.00,180.26,10.77,3000.00
0,4000,3828074,180.00,180.52,10.77,3000.00
0,4000,3832074,180.00,180.78,10.77,3000.00
0,4000,3836074,180.00,181.03,10.77,3000.00
0,4000,3840074,180.00,181.29,10.77,3000.00
0,4000,3844074,180.00,181.55,10.77,3000.00
0,4000,3848074,180.00,181.68,5.38,3000.00
0,4000,3852074,180.00,181.68,0.00,3000.00
0,4000,3856074,180.00,181.68,0.00,3000.00
0,4000,3860074,180.00,181.68,0.00,3000.00
0,4000,3864074,180.00,181.55,-5.38,3000.00
0,4000,3868074,180.00,181.55,0.00,3000.00
0,4000,3872074,180.00,181.29,-10.77,3000.00
0,4000,3876074,180.00,181.03,-10.77,3000.00
0,4000,3880074,180.00,180.90,-5.38,3000.00
0,4000,3884074,180.00,180.65,-10.77,3000.00
0,4000,3888074,180.00,180.39,-10.77,3000.00
0,4000,3892074,180.00,180.26,-5.38,3000.00
0,4000,3896074,180.00,180.00,-10.77,3000.00
0,4000,3900074,180.00,179.74,-10.77,3000.00
0,4000,3904074,180.00,179.61,-5.38,3000.00
0,4000,3908074,180.00,179.48,-5.38,3000.00
0,4000,3912074,180.00,179.22,-10.77,3000.00
0,4000,3916074,180.00,179.10,-5.38,3000.00
0,4000,3920074,180.00,178.97,-5.38,3000.00
0,4000,3924074,180.00,178.71,-10.77,3000.00
0,4000,3928074,180.00,178.71,0.00,3000.00
0,4000,3932074,180.00,178.71,0.00,3000.00
0,4000,3936074,180.00,178.71,0.00,3000.00
0,4000,3940074,180.00,178.71,0.00,3000.00
0,4000,3944074,180.00,178.84,5.38,3000.00
0,4000,3948074,180.00,178.97,5.38,3000.00
0,4000,3952074,180.00,179.22,10.77,3000.00
0,4000,3956074,180.00,179.35,5.38,3000.00
0,4000,3960074,180.00,179.61,10.77,3000.00
0,4000,3964074,180.00,179.74,5.38,3000.00
0,4000,3968074,180.00,180.00,10.77,3000.00
0,4000,3972074,180.00,180.13,5.38,3000.00
0,4000,3976074,180.00,180.39,10.77,3000.00
0,4000,3980074,180.00,180.52,5.38,3000.00
0,4000,3984074,180.00,180.65,5.38,3000.00
0,4000,3988074,180.00,180.78,5.38,3000.00
0,4000,3992074,180.00,180.90,5.38,3000.00
0,4000,3996074,180.00,181.03,5.38,3000.00
0,4000,4000074,180.00,181.16,5.38,3000.00
0,4000,4004074,180.00,181.29,5.38,3000.00
0,4000,4008074,180.00,181.29,0.00,3000.00
0,4000,4012074,180.00,181.16,-5.38,3000.00
0,4000,4016074,180.00,181.03,-5.38,3000.00
0,4000,4020074,180.00,180.90,-5.38,3000.00
0,4000,4024074,180.00,180.78,-5.38,3000.00
0,4000,4028074,180.00,180.52,-10.77,3000.00
0,4000,4032074,180.00,180.39,-5.38,3000.00
0,4000,4036074,180.00,180.26,-5.38,3000.00
0,4000,4040074,180.00,180.13,-5.38,3000.00
0,4000,4044074,180.00,180.00,-5.38,3000.00
0,4000,4048074,180.00,179.87,-5.38,3000.00
0,4000,4052074,180.00,179.74,-5.38,3000.00
0,4000,4056074,180.00,179.74,0.00,3000.00
0,4000,4060074,180.00,179.61,-5.38,3000.00
0,4000,4064074,180.00,179.48,-5.38,3000.00
0,4000,4068074,180.00,179.48,0.00,3000.00
0,4000,4072074,180.00,179.35,-5.38,3000.00
0,4000,4076074,180.00,179.22,-5.38,3000.00
0,4000,4080074,180.00,179.22,0.00,3000.00
0,4000,4084074,180.00,179.10,-5.38,3000.00
0,4000,4088074,180.00,179.10,0.00,3000.00
0,4000,4092074,180.00,178.97,-5.38,3000.00
0,4000,4096074,180.00,178.97,0.00,3000.00
0,4000,4100074,180.00,178.97,0.00,3000.00
0,4000,4104074,180.00,178.97,0.00,3000.00
0,4000,4108074,180.00,179.10,5.38,3000.00
0,4000,4112074,180.00,179.22,5.38,3000.00
0,4000,4116074,180.00,179.35,5.38,3000.00
0,4000,4120074,180.00,179.48,5.38,3000.00
0,4000,4124074,180.00,179.48,0.00,3000.00
0,4000,4128074,180.00,179.61,5.38,3000.00
0,4000,4132074,180.00,179.74,5.38,3000.00
0,4000,4136074,180.00,179.74,0.00,3000.00
0,4000,4140074,180.00,179.87,5.38,3000.00
0,4000,4144074,180.00,180.00,5.38,3000.00
0,4000,4148074,180.00,180.00,0.00,3000.00
0,4000,4152074,180.00,180.00,0.00,3000.00
0,4000,4156074,180.00,180.13,5.38,3000.00
0,4000,4160074,180.00,180.13,0.00,3000.00
0,4000,4164074,180.00,180.26,5.38,3000.00
0,4000,4168074,180.00,180.26,0.00,3000.00
0,4000,4172074,180.00,180.26,0.00,3000.00
0,4000,4176074,180.00,180.26,0.00,3000.00
0,4000,4180074,180.00,180.26,0.00,3000.00
0,4000,4184074,180.00,180.26,0.00,3000.00
0,4000,4188074,180.00,180.26,0.00,3000.00
0,4000,4192074,180.00,180.26,0.00,3000.00
0,4000,4196074,180.00,180.26,0.00,3000.00
0,4000,4200074,180.00,180.26,0.00,3000.00
0,4000,4204074,180.00,180.26,0.00,3000.00
0,4000,4208074,180.00,180.26,0.00,3000.00
0,4000,4212074,180.00,180.26,0.00,3000.00
0,4000,4216074,180.00,180.26,0.00,3000.00
0,4000,4220074,180.00,180.26,0.00,3000.00
0,4000,4224074,180.00,180.26,0.00,3000.00
0,4000,4228074,180.00,180.26,0.00,3000.00
0,4000,4232074,180.00,180.26,0.00,3000.00
0,4000,4236074,180.00,180.26,0.00,3000.00
0,4000,4240074,180.00,180.26,0.00,3000.00
0,4000,4244074,180.00,180.26,0.00,3000.00
0,4000,4248074,180.00,180.26,0.00,3000.00
0,4000,4252074,180.00,180.26,0.00,3000.00
0,4000,4256074,180.00,180.26,0.00,3000.00
0,4000,4260074,180.00,180.26,0.00,3000.00
0,4000,4264074,180.00,180.26,0.00,3000.00
0,4000,4268074,180.00,180.26,0.00,3000.00
0,4000,4272074,180.00,180.26,0.00,3000.00
0,4000,4276074,180.00,180.26,0.00,3000.00
0,4000,4280074,180.00,180.26,0.00,3000.00
0,4000,4284074,180.00,180.26,0.00,3000.00
0,4000,4288074,180.00,180.26,0.00,3000.00
0,4000,4292074,180.00,180.26,0.00,3000.00
0,4000,4296074,180.00,180.26,0.00,3000.00
0,4000,4300074,180.00,180.26,0.00,3000.00
0,4000,4304074,180.00,180.26,0.00,3000.00
0,4000,4308074,180.00,180.26,0.00,3000.00
0,4000,4312074,180.00,180.26,0.00,3000.00
0,4000,4316074,180.00,180.26,0.00,3000.00
0,4000,4320074,180.00,180.26,0.00,3000.00
0,4000,4324074,180.00,180.26,0.00,3000.00
0,4000,4328074,180.00,180.26,0.00,3000.00
0,4000,4332074,180.00,180.26,0.00,3000.00
0,4000,4336074,180.00,180.26,0.00,3000.00
0,4000,4340074,180.00,180.26,0.00,3000.00
0,4000,4344074,180.00,180.26,0.00,3000.00
0,4000,4348074,180.00,180.26,0.00,3000.00
0,4000,4352074,180.00,180.26,0.00,3000.00
0,4000,4356074,180.00,180.26,0.00,3000.00
0,4000,4360074,180.00,180.26,0.00,3000.00
0,4000,4364074,180.00,180.26,0.00,3000.00
0,4000,4368074,180.00,180.26,0.00,3000.00
0,4000,4372074,180.00,180.26,0.00,3000.00
0,4000,4376074,180.00,180.26,0.00,3000.00
0,4000,4380074,180.00,180.26,0.00,3000.00
0,4000,4384074,180.00,180.26,0.00,3000.00
0,4000,4388074,180.00,180.26,0.00,3000.00
0,4000,4392074,180.00,180.26,0.00,3000.00
0,4000,4396074,180.00,180.26,0.00,3000.00
0,4000,4400074,180.00,180.26,0.00,3000.00
0,4000,4404074,180.00,180.26,0.00,3000.00
0,4000,4408074,180.00,180.26,0.00,3000.00
0,4000,4412074,180.00,180.26,0.00,3000.00
0,4000,4416074,180.00,180.26,0.00,3000.00
0,4000,4420074,180.00,180.26,0.00,3000.00
0,4000,4424074,180.00,180.26,0.00,3000.00
0,4000,4428074,180.00,180.26,0.00,3000.00
0,4000,4432074,180.00,180.26,0.00,3000.00
0,4000,4436074,180.00,180.26,0.00,3000.00
0,4000,4440074,180.00,180.26,0.00,3000.00
0,4000,4444074,180.00,180.26,0.00,3000.00
0,4000,4448074,180.00,180.26,0.00,3000.00
0,4000,4452074,180.00,180.26,0.00,3000.00
0,4000,4456074,180.00,180.26,0.00,3000.00
0,4000,4460074,180.00,180.26,0.00,3000.00
0,4000,4464074,180.00,180.26,0.00,3000.00
0,4000,4468074,180.00,180.26,0.00,3000.00
0,4000,4472074,180.00,180.26,0.00,3000.00
0,4000,4476074,180.00,180.26,0.00,3000.00
0,4000,4480074,180.00,180.26,0.00,3000.00
0,4000,4484074,180.00,180.26,0.00,3000.00
0,4000,4488074,180.00,180.26,0.00,3000.00
0,4000,4492074,180.00,180.26,0.00,3000.00
0,4000,4496074,180.00,180.26,0.00,3000.00
0,4000,4500074,180.00,180.26,0.00,3000.00
0,4000,4504074,180.00,180.26,0.00,3000.00
0,4000,4508074,180.00,180.26,0.00,3000.00
0,4000,4512074,180.00,180.26,0.00,3000.00
0,4000,4516074,180.00,180.26,0.00,3000.00
0,4000,4520074,180.00,180.26,0.00,3000.00
0,4000,4524074,180.00,180.26,0.00,3000.00
0,4000,4528074,180.00,180.26,0.00,3000.00
0,4000,4532074,180.00,180.26,0.00,3000.00
0,4000,4536074,180.00,180.26,0.00,3000.00
0,4000,4540074,180.00,180.26,0.00,3000.00
0,4000,4544074,180.00,180.26,0.00,3000.00
0,4000,4548074,180.00,180.26,0.00,3000.00
0,4000,4552074,180.00,180.26,0.00,3000.00
0,4000,4556074,180.00,180.26,0.00,3000.00
0,4000,4560074,180.00,180.26,0.00,3000.00
0,4000,4564074,180.00,180.26,0.00,3000.00
0,4000,4568074,180.00,180.26,0.00,3000.00
0,4000,4572074,180.00,180.26,0.00,3000.00
0,4000,4576074,180.00,180.26,0.00,3000.00
0,4000,4580074,180.00,180.26,0.00,3000.00
0,4000,4584074,180.00,180.26,0.00,3000.00
0,4000,4588074,180.00,180.26,0.00,3000.00
0,4000,4592074,180.00,180.26,0.00,3000.00
0,4000,4596074,180.00,180.26,0.00,3000.00
0,4000,4600074,180.00,180.26,0.00,3000.00
0,4000,4604074,180.00,180.26,0.00,3000.00
0,4000,4608074,180.00,180.26,0.00,3000.00
0,4000,4612074,180.00,180.26,0.00,3000.00
0,4000,4616074,180.00,180.26,0.00,3000.00
0,4000,4620074,180.00,180.26,0.00,3000.00
0,4000,4624074,180.00,180.26,0.00,3000.00
0,4000,4628074,180.00,180.26,0.00,3000.00
0,4000,4632074,180.00,180.26,0.00,3000.00
0,4000,4636074,180.00,180.26,0.00,3000.00
0,4000,4640074,180.00,180.26,0.00,3000.00
0,4000,4644074,180.00,180.26,0.00,3000.00
0,4000,4648074,180.00,180.26,0.00,3000.00
0,4000,4652074,180.00,180.26,0.00,3000.00
0,4000,4656074,180.00,180.26,0.00,3000.00
0,4000,4660074,180.00,180.26,0.00,3000.00
0,4000,4664074,180.00,180.26,0.00,3000.00
0,4000,4668074,180.00,180.26,0.00,3000.00
0,4000,4672074,180.00,180.26,0.00,3000.00
0,4000,4676074,180.00,180.26,0.00,3000.00
0,4000,4680074,180.00,180.26,0.00,3000.00
0,4000,4684074,180.00,180.26,0.00,3000.00
0,4000,4688074,180.00,180.26,0.00,3000.00
0,4000,4692074,180.00,180.26,0.00,3000.00
0,4000,4696074,180.00,180.26,0.00,3000.00
0,4000,4700074,180.00,180.26,0.00,3000.00
0,4000,4704074,180.00,180.26,0.00,3000.00
0,4000,4708074,180.00,180.26,0.00,3000.00
0,4000,4712074,180.00,180.26,0.00,3000.00
0,4000,4716074,180.00,180.26,0.00,3000.00
0,4000,4720074,180.00,180.26,0.00,3000.00
0,4000,4724074,180.00,180.26,0.00,3000.00
0,4000,4728074,180.00,180.26,0.00,3000.00
0,4000,4732074,180.00,180.26,0.00,3000.00
0,4000,4736074,180.00,180.26,0.00,3000.00
0,4000,4740074,180.00,180.26,0.00,3000.00
0,4000,4744074,180.00,180.26,0.00,3000.00
0,4000,4748074,180.00,180.26,0.00,3000.00
0,4000,4752074,180.00,180.26,0.00,3000.00
0,4000,4756074,180.00,180.26,0.00,3000.00
0,4000,4760074,180.00,180.26,0.00,3000.00
0,4000,4764074,180.00,180.26,0.00,3000.00
0,4000,4768074,180.00,180.26,0.00,3000.00
0,4000,4772074,180.00,180.26,0.00,3000.00
0,4000,4776074,180.00,180.26,0.00,3000.00
0,4000,4780074,180.00,180.26,0.00,3000.00
0,4000,4784074,180.00,180.26,0.00,3000.00
0,4000,4788074,180.00,180.26,0.00,3000.00
0,4000,4792074,180.00,180.26,0.00,3000.00
0,4000,4796074,180.00,180.26,0.00,3000.00
0,4000,4800074,180.00,180.26,0.00,3000.00
0,4000,4804074,180.00,180.26,0.00,3000.00
0,4000,4808074,180.00,180.26,0.00,3000.00
0,4000,4812074,180.00,180.26,0.00,3000.00
0,4000,4816074,180.00,180.26,0.00,3000.00
0,4000,4820074,180.00,180.26,0.00,3000.00
0,4000,4824074,180.00,180.26,0.00,3000.00
0,4000,4828074,180.00,180.26,0.00,3000.00
0,4000,4832074,180.00,180.26,0.00,3000.00
0,4000,4836074,180.00,180.26,0.00,3000.00
0,4000,4840074,180.00,180.26,0.00,3000.00
0,4000,4844074,180.00,180.26,0.00,3000.00
0,4000,4848074,180.00,180.26,0.00,3000.00
0,4000,4852074,180.00,180.26,0.00,3000.00
0,4000,4856074,180.00,180.26,0.00,3000.00
0,4000,4860074,180.00,180.26,0.00,3000.00
0,4000,4864074,180.00,180.26,0.00,3000.00
0,4000,4868074,180.00,180.26,0.00,3000.00
0,4000,4872074,180.00,180.26,0.00,3000.00
0,4000,4876074,180.00,180.26,0.00,3000.00
0,4000,4880074,180.00,180.26,0.00,3000.00
0,4000,4884074,180.00,180.26,0.00,3000.00
0,4000,4888074,180.00,180.26,0.00,3000.00
0,4000,4892074,180.00,180.26,0.00,3000.00
0,4000,4896074,180.00,180.26,0.00,3000.00
0,4000,4900074,180.00,180.26,0.00,3000.00
0,4000,4904074,180.00,180.26,0.00,3000.00
0,4000,4908074,180.00,180.26,0.00,3000.00
0,4000,4912074,180.00,180.26,0.00,3000.00
0,4000,4916074,180.00,180.26,0.00,3000.00
0,4000,4920074,180.00,180.26,0.00,3000.00
0,4000,4924074,180.00,180.26,0.00,3000.00
0,4000,4928074,180.00,180.26,0.00,3000.00
0,4000,4932074,180.00,180.26,0.00,3000.00
0,4000,4936074,180.00,180.26,0.00,3000.00
0,4000,4940074,180.00,180.26,0.00,3000.00
0,4000,4944074,180.00,180.26,0.00,3000.00
0,4000,4948074,180.00,180.26,0.00,3000.00
0,4000,4952074,180.00,180.26,0.00,3000.00
0,4000,4956074,180.00,180.26,0.00,3000.00
0,4000,4960074,180.00,180.26,0.00,3000.00
0,4000,4964074,180.00,180.26,0.00,3000.00
0,4000,4968074,180.00,180.26,0.00,3000.00
0,4000,4972074,180.00,180.26,0.00,3000.00
0,4000,4976074,180.00,180.26,0.00,3000.00
