0,4000,1952072,180.00,180.00,0.00,0.00
0,4000,1956072,180.00,180.00,0.00,0.00
0,4000,1960072,180.00,180.00,0.00,0.00
0,4000,1964072,180.00,180.00,0.00,0.00
0,4000,1968072,180.00,180.00,0.00,0.00
0,4000,1972072,180.00,180.00,0.00,0.00
0,4000,1976072,180.00,180.00,0.00,0.00
0,4000,1980072,180.00,180.00,0.00,0.00
0,4000,1984072,180.12,180.00,0.00,2500.00
0,4000,1988072,180.24,180.00,0.00,2500.00
0,4000,1992072,180.36,180.00,0.00,2500.00
0,4000,1996072,180.48,180.00,0.00,2500.00
0,4000,2000072,180.60,180.00,0.00,2500.00
0,4000,2004072,180.72,180.00,0.00,2500.00
0,4000,2008072,180.84,180.00,0.00,2500.00
0,4000,2012072,180.96,180.00,0.00,2500.00
0,4000,2016072,181.08,180.00,0.00,2500.00
0,4000,2020072,181.20,180.00,0.00,2500.00
0,4000,2024072,181.32,180.00,0.00,2500.00
0,4000,2028072,181.44,180.13,5.38,2500.00
0,4000,2032072,181.56,180.39,10.77,2500.00
0,4000,2036072,181.68,180.65,10.77,2500.00
0,4000,2040072,181.80,181.03,16.15,2500.00
0,4000,2044072,181.92,181.29,10.77,2500.00
0,4000,2048072,182.04,181.55,10.77,2500.00
0,4000,2052072,182.16,181.81,10.77,2500.00
0,4000,2056072,182.28,182.07,10.77,2500.00
0,4000,2060072,182.40,182.33,5.38,2500.00
0,4000,2064072,182.52,182.46,10.77,2500.00
0,4000,2068072,182.64,182.58,5.38,2500.00
0,4000,2072072,182.76,182.84,10.77,2500.00
0,4000,2076072,182.88,182.97,5.38,2500.00
0,4000,2080072,183.00,183.10,5.38,2500.00
0,4000,2084072,183.12,183.23,0.00,2500.00
0,4000,2088072,183.24,183.23,5.38,2500.00
0,4000,2092072,183.36,183.36,5.38,2500.00
0,4000,2096072,183.48,183.36,0.00,2500.00
0,4000,2100072,183.60,183.36,0.00,2500.00
0,4000,2104072,183.72,183.36,0.00,2500.00
0,4000,2108072,183.84,183.49,5.38,2500.00
0,4000,2112072,183.96,183.49,0.00,2500.00
0,4000,2116072,184.08,183.36,-5.38,2500.00
0,4000,2120072,184.20,183.36,0.00,2500.00
0,4000,2124072,184.32,183.36,0.00,2500.00
0,4000,2128072,184.44,183.36,0.00,2500.00
0,4000,2132072,184.56,183.36,0.00,2500.00
0,4000,2136072,184.68,183.36,0.00,2500.00
0,4000,2140072,184.80,183.36,0.00,2500.00
0,4000,2144072,184.92,183.49,5.38,2500.00
0,4000,2148072,185.04,183.75,10.77,2500.00
0,4000,2152072,185.16,183.88,5.38,2500.00
0,4000,2156072,185.28,184.13,10.77,2500.00
0,4000,2160072,185.40,184.39,10.77,2500.00
0,4000,2164072,185.52,184.65,10.77,2500.00
0,4000,2168072,185.64,185.04,16.15,2500.00
0,4000,2172072,185.76,185.30,10.77,2500.00
0,4000,2176072,185.88,185.56,10.77,2500.00
0,4000,2180072,186.00,185.69,5.38,2500.00
0,4000,2184072,186.12,185.94,10.77,2500.00
0,4000,2188072,186.24,186.07,5.38,2500.00
0,4000,2192072,186.36,186.20,5.38,2500.00
0,4000,2196072,186.48,186.33,5.38,2500.00
0,4000,2200072,186.60,186.33,0.00,2500.00
0,4000,2204072,186.72,186.33,0.00,2500.00
0,4000,2208072,186.84,186.33,0.00,2500.00
0,4000,2212072,186.96,186.33,0.00,2500.00
0,4000,2216072,187.08,186.33,0.00,2500.00
0,4000,2220072,187.20,186.33,0.00,2500.00
0,4000,2224072,187.32,186.20,-5.38,2500.00
0,4000,2228072,187.44,186.20,0.00,2500.00
0,4000,2232072,187.56,186.33,5.38,2500.00
0,4000,2236072,187.68,186.46,5.38,2500.00
0,4000,2240072,187.80,186.46,0.00,2500.00
0,4000,2244072,187.92,186.59,5.38,2500.00
0,4000,2248072,188.04,186.72,5.38,2500.00
0,4000,2252072,188.16,186.98,10.77,2500.00
0,4000,2256072,188.28,187.24,10.77,2500.00
0,4000,2260072,188.40,187.49,10.77,2500.00
0,4000,2264072,188.52,187.75,10.77,2500.00
0,4000,2268072,188.64,187.88,5.38,2500.00
0,4000,2272072,188.76,188.01,5.38,2500.00
0,4000,2276072,188.88,188.14,5.38,2500.00
0,4000,2280072,189.00,188.27,5.38,2500.00
0,4000,2284072,189.12,188.27,0.00,2500.00
0,4000,2288072,189.24,188.27,0.00,2500.00
0,4000,2292072,189.36,188.27,0.00,2500.00
0,4000,2296072,189.48,188.27,0.00,2500.00
0,4000,2300072,189.60,188.27,0.00,2500.00
0,4000,2304072,189.72,188.27,0.00,2500.00
0,4000,2308072,189.84,188.53,5.38,2500.00
0,4000,2312072,189.96,188.66,10.77,2500.00
0,4000,2316072,190.08,188.79,5.38,2500.00
0,4000,2320072,190.20,189.04,5.38,2500.00
0,4000,2324072,190.32,189.17,10.77,2500.00
0,4000,2328072,190.44,189.43,10.77,2500.00
0,4000,2332072,190.56,189.69,10.77,2500.00
0,4000,2336072,190.68,190.08,16.15,2500.00
0,4000,2340072,190.80,190.34,10.77,2500.00
0,4000,2344072,190.92,190.47,5.38,2500.00
0,4000,2348072,191.04,190.72,10.77,2500.00
0,4000,2352072,191.16,190.85,5.38,2500.00
0,4000,2356072,191.28,190.85,0.00,2500.00
0,4000,2360072,191.40,190.98,5.38,2500.00
0,4000,2364072,191.52,190.98,0.00,2500.00
0,4000,2368072,191.64,190.98,0.00,2500.00
0,4000,2372072,191.76,190.98,0.00,2500.00
0,4000,2376072,191.88,190.85,-5.38,2500.00
0,4000,2380072,192.00,190.85,0.00,2500.00
0,4000,2384072,192.12,190.85,0.00,2500.00
0,4000,2388072,192.24,190.85,0.00,2500.00
0,4000,2392072,192.36,191.11,10.77,2500.00
0,4000,2396072,192.48,191.11,0.00,2500.00
0,4000,2400072,192.60,191.24,5.38,2500.00
0,4000,2404072,192.72,191.37,5.38,2500.00
0,4000,2408072,192.84,191.50,5.38,2500.00
0,4000,2412072,192.96,191.76,10.77,2500.00
0,4000,2416072,193.08,192.02,10.77,2500.00
0,4000,2420072,193.20,192.15,5.38,2500.00
0,4000,2424072,193.32,192.40,10.77,2500.00
0,4000,2428072,193.44,192.66,10.77,2500.00
0,4000,2432072,193.56,192.92,10.77,2500.00
0,4000,2436072,193.68,193.05,5.38,2500.00
0,4000,2440072,193.80,193.18,5.38,2500.00
0,4000,2444072,193.92,193.18,0.00,2500.00
0,4000,2448072,194.04,193.18,0.00,2500.00
0,4000,2452072,194.16,193.18,0.00,2500.00
0,4000,2456072,194.28,193.18,0.00,2500.00
0,4000,2460072,194.40,193.18,0.00,2500.00
0,4000,2464072,194.52,193.18,0.00,2500.00
0,4000,2468072,194.64,193.18,0.00,2500.00
0,4000,2472072,194.76,193.31,5.38,2500.00
0,4000,2476072,194.88,193.44,5.38,2500.00
0,4000,2480072,195.00,193.57,5.38,2500.00
0,4000,2484072,195.12,193.70,5.38,2500.00
0,4000,2488072,195.24,193.95,10.77,2500.00
0,4000,2492072,195.36,194.08,5.38,2500.00
0,4000,2496072,195.48,194.34,10.77,2500.00
0,4000,2500072,195.60,194.47,5.38,2500.00
0,4000,2504072,195.72,194.73,10.77,2500.00
0,4000,2508072,195.84,194.99,10.77,2500.00
0,4000,2512072,195.96,195.12,5.38,2500.00
0,4000,2516072,196.08,195.25,5.38,2500.00
0,4000,2520072,196.20,195.38,5.38,2500.00
0,4000,2524072,196.32,195.38,0.00,2500.00
0,4000,2528072,196.44,195.38,0.00,2500.00
0,4000,2532072,196.56,195.51,5.38,2500.00
0,4000,2536072,196.68,195.51,0.00,2500.00
0,4000,2540072,196.80,195.51,0.00,2500.00
0,4000,2544072,196.92,195.51,0.00,2500.00
0,4000,2548072,197.04,195.51,0.00,2500.00
0,4000,2552072,197.16,195.76,10.77,2500.00
0,4000,2556072,197.28,195.89,5.38,2500.00
0,4000,2560072,197.40,196.02,5.38,2500.00
0,4000,2564072,197.52,196.02,0.00,2500.00
0,4000,2568072,197.64,196.28,10.77,2500.00
0,4000,2572072,197.76,196.54,10.77,2500.00
0,4000,2576072,197.88,196.80,10.77,2500.00
0,4000,2580072,198.00,196.93,5.38,2500.00
0,4000,2584072,198.12,197.06,5.38,2500.00
0,4000,2588072,198.24,197.31,10.77,2500.00
0,4000,2592072,198.36,197.70,16.15,2500.00
0,4000,2596072,198.48,197.83,5.38,2500.00
0,4000,2600072,198.60,198.09,10.77,2500.00
0,4000,2604072,198.72,198.09,0.00,2500.00
0,4000,2608072,198.84,198.22,5.38,2500.00
0,4000,2612072,198.96,198.22,0.00,2500.00
0,4000,2616072,199.08,198.22,0.00,2500.00
0,4000,2620072,199.20,198.22,0.00,2500.00
0,4000,2624072,199.32,198.09,-5.38,2500.00
0,4000,2628072,199.44,198.09,0.00,2500.00
0,4000,2632072,199.56,198.09,0.00,2500.00
0,4000,2636072,199.68,198.09,0.00,2500.00
0,4000,2640072,199.80,198.09,0.00,2500.00
0,4000,2644072,199.92,198.09,0.00,2500.00
0,4000,2648072,200.04,198.22,5.38,2500.00
0,4000,2652072,200.16,198.35,5.38,2500.00
0,4000,2656072,200.28,198.48,5.38,2500.00
0,4000,2660072,200.40,198.48,0.00,2500.00
0,4000,2664072,200.52,198.61,5.38,2500.00
0,4000,2668072,200.64,198.74,5.38,2500.00
0,4000,2672072,200.76,198.99,10.77,2500.00
0,4000,2676072,200.88,199.12,5.38,2500.00
0,4000,2680072,201.00,199.25,5.38,2500.00
0,4000,2684072,201.12,199.38,5.38,2500.00
0,4000,2688072,201.24,199.64,10.77,2500.00
0,4000,2692072,201.36,199.90,5.38,2500.00
0,4000,2696072,201.48,200.03,10.77,2500.00
0,4000,2700072,201.60,200.16,5.38,2500.00
0,4000,2704072,201.72,200.42,10.77,2500.00
0,4000,2708072,201.84,200.67,10.77,2500.00
0,4000,2712072,201.96,200.93,10.77,2500.00
0,4000,2716072,202.08,201.19,10.77,2500.00
0,4000,2720072,202.20,201.45,10.77,2500.00
0,4000,2724072,202.32,201.58,5.38,2500.00
0,4000,2728072,202.44,201.58,0.00,2500.00
0,4000,2732072,202.56,201.71,5.38,2500.00
0,4000,2736072,202.68,201.71,0.00,2500.00
0,4000,2740072,202.80,201.71,0.00,2500.00
0,4000,2744072,202.92,201.71,0.00,2500.00
0,4000,2748072,203.04,201.71,0.00,2500.00
0,4000,2752072,203.16,201.84,0.00,2500.00
0,4000,2756072,203.28,201.84,5.38,2500.00
0,4000,2760072,203.40,201.84,0.00,2500.00
0,4000,2764072,203.52,201.84,0.00,2500.00
0,4000,2768072,203.64,201.97,5.38,2500.00
0,4000,2772072,203.76,202.10,5.38,2500.00
0,4000,2776072,203.88,202.22,5.38,2500.00
0,4000,2780072,204.00,202.22,0.00,2500.00
0,4000,2784072,204.12,202.22,0.00,2500.00
0,4000,2788072,204.24,202.35,5.38,2500.00
0,4000,2792072,204.36,202.48,5.38,2500.00
0,4000,2796072,204.48,202.61,5.38,2500.00
0,4000,2800072,204.60,202.74,5.38,2500.00
0,4000,2804072,204.72,202.74,0.00,2500.00
0,4000,2808072,204.84,202.87,5.38,2500.00
0,4000,2812072,204.96,203.00,5.38,2500.00
0,4000,2816072,205.08,203.13,5.38,2500.00
0,4000,2820072,205.20,203.26,5.38,2500.00
0,4000,2824072,205.32,203.39,5.38,2500.00
0,4000,2828072,205.44,203.52,5.38,2500.00
0,4000,2832072,205.56,203.65,5.38,2500.00
0,4000,2836072,205.68,203.77,5.38,2500.00
0,4000,2840072,205.80,203.90,5.38,2500.00
0,4000,2844072,205.92,204.03,5.38,2500.00
0,4000,2848072,206.04,204.29,10.77,2500.00
0,4000,2852072,206.16,204.42,5.38,2500.00
0,4000,2856072,206.28,204.68,10.77,2500.00
0,4000,2860072,206.40,204.81,5.38,2500.00
0,4000,2864072,206.52,204.94,5.38,2500.00
0,4000,2868072,206.64,205.20,10.77,2500.00
0,4000,2872072,206.76,205.45,10.77,2500.00
0,4000,2876072,206.88,205.71,10.77,2500.00
0,4000,2880072,207.00,205.84,5.38,2500.00
0,4000,2884072,207.12,206.10,10.77,2500.00
0,4000,2888072,207.24,206.36,10.77,2500.00
0,4000,2892072,207.36,206.62,10.77,2500.00
0,4000,2896072,207.48,206.75,5.38,2500.00
0,4000,2900072,207.60,206.88,5.38,2500.00
0,4000,2904072,207.72,206.88,0.00,2500.00
0,4000,2908072,207.84,206.88,0.00,2500.00
0,4000,2912072,207.96,206.88,0.00,2500.00
0,4000,2916072,208.08,206.88,0.00,2500.00
0,4000,2920072,208.20,206.75,-5.38,2500.00
0,4000,2924072,208.32,206.75,0.00,2500.00
0,4000,2928072,208.44,206.88,5.38,2500.00
0,4000,2932072,208.56,206.88,0.00,2500.00
0,4000,2936072,208.68,206.88,0.00,2500.00
0,4000,2940072,208.80,206.88,0.00,2500.00
0,4000,2944072,208.92,207.01,5.38,2500.00
0,4000,2948072,209.04,207.13,5.38,2500.00
0,4000,2952072,209.16,207.13,0.00,2500.00
0,4000,2956072,209.28,207.26,5.38,2500.00
0,4000,2960072,209.40,207.26,0.00,2500.00
0,4000,2964072,209.52,207.39,5.38,2500.00
0,4000,2968072,209.64,207.39,0.00,2500.00
0,4000,2972072,209.76,207.52,5.38,2500.00
0,4000,2976072,209.88,207.65,5.38,2500.00
0,4000,2980072,210.00,207.65,0.00,2500.00
0,4000,2984072,210.00,207.65,0.00,2500.00
0,4000,2988072,210.00,207.78,5.38,2500.00
0,4000,2992072,210.00,207.91,5.38,2500.00
0,4000,2996072,210.00,208.04,5.38,2500.00
0,4000,3000072,210.00,208.04,0.00,2500.00
0,4000,3004072,210.00,208.04,0.00,2500.00
0,4000,3008072,210.00,208.17,5.38,2500.00
0,4000,3012072,210.00,208.30,5.38,2500.00
0,4000,3016072,210.00,208.43,5.38,2500.00
0,4000,3020072,210.00,208.43,0.00,2500.00
0,4000,3024072,210.00,208.56,5.38,2500.00
0,4000,3028072,210.00,208.68,5.38,2500.00
0,4000,3032072,210.00,208.81,5.38,2500.00
0,4000,3036072,210.00,208.94,5.38,2500.00
0,4000,3040072,210.00,209.07,5.38,2500.00
0,4000,3044072,210.00,209.20,5.38,2500.00
0,4000,3048072,210.00,209.20,0.00,2500.00
0,4000,3052072,210.00,209.07,-5.38,2500.00
0,4000,3056072,210.00,209.07,0.00,2500.00
0,4000,3060072,210.00,208.94,-5.38,2500.00
0,4000,3064072,210.00,208.94,0.00,2500.00
0,4000,3068072,210.00,208.94,0.00,2500.00
0,4000,3072072,210.00,208.94,0.00,2500.00
0,4000,3076072,210.00,208.94,0.00,2500.00
0,4000,3080072,210.00,208.94,0.00,2500.00
0,4000,3084072,210.00,208.94,0.00,2500.00
0,4000,3088072,210.00,209.07,5.38,2500.00
0,4000,3092072,210.00,209.20,5.38,2500.00
0,4000,3096072,210.00,209.20,0.00,2500.00
0,4000,3100072,210.00,209.07,-5.38,2500.00
0,4000,3104072,210.00,209.07,0.00,2500.00
0,4000,3108072,210.00,208.94,-5.38,2500.00
0,4000,3112072,210.00,208.94,0.00,2500.00
0,4000,3116072,210.00,208.81,-5.38,2500.00
0,4000,3120072,210.00,208.81,0.00,2500.00
0,4000,3124072,210.00,208.81,0.00,2500.00
0,4000,3128072,210.00,208.94,5.38,2500.00
0,4000,3132072,209.80,208.94,0.00,2500.00
0,4000,3136072,209.60,209.07,5.38,2500.00
0,4000,3140072,209.40,209.07,0.00,2500.00
0,4000,3144072,209.20,209.07,0.00,2500.00
0,4000,3148072,209.00,209.07,0.00,2500.00
0,4000,3152072,208.80,208.94,-5.38,2500.00
0,4000,3156072,208.60,208.81,-5.38,2500.00
0,4000,3160072,208.40,208.68,-5.38,2500.00
0,4000,3164072,208.20,208.68,0.00,2500.00
0,4000,3168072,208.00,208.43,-10.77,2500.00
0,4000,3172072,207.80,208.30,-5.38,2500.00
0,4000,3176072,207.60,208.17,-5.38,2500.00
0,4000,3180072,207.40,208.04,-5.38,2500.00
0,4000,3184072,207.20,207.78,-10.77,2500.00
0,4000,3188072,207.00,207.65,-5.38,2500.00
0,4000,3192072,206.80,207.39,-10.77,2500.00
0,4000,3196072,206.60,207.13,-10.77,2500.00
0,4000,3200072,206.40,207.01,-5.38,2500.00
0,4000,3204072,206.20,206.75,-10.77,2500.00
0,4000,3208072,206.00,206.49,-10.77,2500.00
0,4000,3212072,205.80,206.23,-10.77,2500.00
0,4000,3216072,205.60,205.97,-10.77,2500.00
0,4000,3220072,205.40,205.71,-10.77,2500.00
0,4000,3224072,205.20,205.45,-10.77,2500.00
0,4000,3228072,205.00,205.20,-10.77,2500.00
0,4000,3232072,204.80,204.94,-10.77,2500.00
0,4000,3236072,204.60,204.68,-10.77,2500.00
0,4000,3240072,204.40,204.42,-10.77,2500.00
0,4000,3244072,204.20,204.03,-10.77,2500.00
0,4000,3248072,204.00,203.77,-16.15,2500.00
0,4000,3252072,203.80,203.52,-10.77,2500.00
0,4000,3256072,203.60,203.26,-10.77,2500.00
0,4000,3260072,203.40,203.00,-10.77,2500.00
0,4000,3264072,203.20,202.74,-10.77,2500.00
0,4000,3268072,203.00,202.48,-10.77,2500.00
0,4000,3272072,202.80,202.22,-10.77,2500.00
0,4000,3276072,202.60,201.97,-10.77,2500.00
0,4000,3280072,202.40,201.71,-10.77,2500.00
0,4000,3284072,202.20,201.45,-10.77,2500.00
0,4000,3288072,202.00,201.06,-10.77,2500.00
0,4000,3292072,201.80,200.93,-10.77,2500.00
0,4000,3296072,201.60,200.54,-10.77,2500.00
0,4000,3300072,201.40,200.42,-10.77,2500.00
0,4000,3304072,201.20,200.16,-10.77,2500.00
0,4000,3308072,201.00,199.90,-10.77,2500.00
0,4000,3312072,200.80,199.77,-5.38,2500.00
0,4000,3316072,200.60,199.64,-5.38,2500.00
0,4000,3320072,200.40,199.64,0.00,2500.00
0,4000,3324072,200.20,199.51,-5.38,2500.00
0,4000,3328072,200.00,199.51,0.00,2500.00
0,4000,3332072,199.80,199.38,-5.38,2500.00
0,4000,3336072,199.60,199.38,0.00,2500.00
0,4000,3340072,199.40,199.25,-5.38,2500.00
0,4000,3344072,199.20,199.12,-5.38,2500.00
0,4000,3348072,199.00,199.12,0.00,2500.00
0,4000,3352072,198.80,198.99,-5.38,2500.00
0,4000,3356072,198.60,198.99,0.00,2500.00
0,4000,3360072,198.40,198.86,-5.38,2500.00
0,4000,3364072,198.20,198.86,0.00,2500.00
0,4000,3368072,198.00,198.74,-5.38,2500.00
0,4000,3372072,197.80,198.61,-5.38,2500.00
0,4000,3376072,197.60,198.61,0.00,2500.00
0,4000,3380072,197.40,198.48,0.00,2500.00
0,4000,3384072,197.20,198.35,-10.77,2500.00
0,4000,3388072,197.00,198.09,-10.77,2500.00
0,4000,3392072,196.80,197.70,-16.15,2500.00
0,4000,3396072,196.60,197.31,-16.15,2500.00
0,4000,3400072,196.40,196.93,-16.15,2500.00
0,4000,3404072,196.20,196.54,-16.15,2500.00
0,4000,3408072,196.00,196.28,-10.77,2500.00
0,4000,3412072,195.80,195.89,-16.15,2500.00
0,4000,3416072,195.60,195.63,-10.77,2500.00
0,4000,3420072,195.40,195.25,-16.15,2500.00
0,4000,3424072,195.20,194.99,-10.77,2500.00
0,4000,3428072,195.00,194.73,-10.77,2500.00
0,4000,3432072,194.80,194.47,-10.77,2500.00
0,4000,3436072,194.60,194.21,-10.77,2500.00
0,4000,3440072,194.40,193.95,-10.77,2500.00
0,4000,3444072,194.20,193.70,-10.77,2500.00
0,4000,3448072,194.00,193.44,-10.77,2500.00
0,4000,3452072,193.80,193.18,-10.77,2500.00
0,4000,3456072,193.60,193.05,-5.38,2500.00
0,4000,3460072,193.40,192.79,-10.77,2500.00
0,4000,3464072,193.20,192.66,-5.38,2500.00
0,4000,3468072,193.00,192.40,-10.77,2500.00
0,4000,3472072,192.80,192.15,-10.77,2500.00
0,4000,3476072,192.60,192.02,-5.38,2500.00
0,4000,3480072,192.40,191.89,-5.38,2500.00
0,4000,3484072,192.20,191.63,-10.77,2500.00
0,4000,3488072,192.00,191.50,-5.38,2500.00
0,4000,3492072,191.80,191.37,-5.38,2500.00
0,4000,3496072,191.60,191.24,-5.38,2500.00
0,4000,3500072,191.40,191.11,-5.38,2500.00
0,4000,3504072,191.20,190.98,-5.38,2500.00
0,4000,3508072,191.00,190.85,-5.38,2500.00
0,4000,3512072,190.80,190.72,-5.38,2500.00
0,4000,3516072,190.60,190.60,-5.38,2500.00
0,4000,3520072,190.40,190.47,-5.38,2500.00
0,4000,3524072,190.20,190.34,-5.38,2500.00
0,4000,3528072,190.00,190.34,0.00,2500.00
0,4000,3532072,189.80,190.21,-5.38,2500.00
0,4000,3536072,189.60,190.08,-5.38,2500.00
0,4000,3540072,189.40,190.08,0.00,2500.00
0,4000,3544072,189.20,189.95,-5.38,2500.00
0,4000,3548072,189.00,189.95,0.00,2500.00
0,4000,3552072,188.80,189.82,-5.38,2500.00
0,4000,3556072,188.60,189.82,0.00,2500.00
0,4000,3560072,188.40,189.82,0.00,2500.00
0,4000,3564072,188.20,189.69,-5.38,2500.00
0,4000,3568072,188.00,189.43,-10.77,2500.00
0,4000,3572072,187.80,189.04,-10.77,2500.00
0,4000,3576072,187.60,188.79,-16.15,2500.00
0,4000,3580072,187.40,188.53,-10.77,2500.00
0,4000,3584072,187.20,188.01,-21.54,2500.00
0,4000,3588072,187.00,187.62,-16.15,2500.00
0,4000,3592072,186.80,187.24,-16.15,2500.00
0,4000,3596072,186.60,186.72,-21.54,2500.00
0,4002,3600074,186.40,186.33,-16.15,2500.00
0,4000,3604074,186.20,185.94,-16.15,2500.00
0,4000,3608074,186.00,185.69,-10.77,2500.00
0,4000,3612074,185.80,185.30,-10.77,2500.00
0,4000,3616074,185.60,185.04,-16.15,2500.00
0,4000,3620074,185.40,184.65,-10.77,2500.00
0,4000,3624074,185.20,184.39,-16.15,2500.00
0,4000,3628074,185.00,184.13,-10.77,2500.00
0,4000,3632074,184.80,183.88,-10.77,2500.00
0,4000,3636074,184.60,183.62,-10.77,2500.00
0,4000,3640074,184.40,183.36,-10.77,2500.00
0,4000,3644074,184.20,183.23,-5.38,2500.00
0,4000,3648074,184.00,183.10,-5.38,2500.00
0,4000,3652074,183.80,182.97,-5.38,2500.00
0,4000,3656074,183.60,182.97,0.00,2500.00
0,4000,3660074,183.40,182.84,-5.38,2500.00
0,4000,3664074,183.20,182.71,0.00,2500.00
0,4000,3668074,183.00,182.71,-5.38,2500.00
0,4000,3672074,182.80,182.58,-5.38,2500.00
0,4000,3676074,182.60,182.58,0.00,2500.00
0,4000,3680074,182.40,182.58,0.00,2500.00
0,4000,3684074,182.20,182.46,-5.38,2500.00
0,4000,3688074,182.00,182.46,0.00,2500.00
0,4000,3692074,181.80,182.33,-5.38,2500.00
0,4000,3696074,181.60,182.33,0.00,2500.00
0,4000,3700074,181.40,182.33,0.00,2500.00
0,4000,3704074,181.20,182.33,0.00,2500.00
0,4000,3708074,181.00,182.33,0.00,2500.00
0,4000,3712074,180.80,182.07,-10.77,2500.00
0,4000,3716074,180.60,181.94,-5.38,2500.00
0,4000,3720074,180.40,181.68,-10.77,2500.00
0,4000,3724074,180.20,181.42,-10.77,2500.00
0,4000,3728074,180.00,181.03,-16.15,2500.00
0,4000,3732074,180.00,180.65,-16.15,2500.00
0,4000,3736074,180.00,180.13,-21.54,2500.00
0,4000,3740074,180.00,179.74,-16.15,2500.00
0,4000,3744074,180.00,179.22,-21.54,2500.00
0,4000,3748074,180.00,178.84,-10.77,2500.00
0,4000,3752074,180.00,178.58,-16.15,2500.00
0,4000,3756074,180.00,178.32,-10.77,2500.00
0,4000,3760074,180.00,178.06,-10.77,2500.00
0,4000,3764074,180.00,177.93,-5.38,2500.00
0,4000,3768074,180.00,177.80,-5.38,2500.00
0,4000,3772074,180.00,177.80,0.00,2500.00
0,4000,3776074,180.00,177.93,5.38,2500.00
0,4000,3780074,180.00,177.93,0.00,2500.00
0,4000,3784074,180.00,178.06,5.38,2500.00
0,4000,3788074,180.00,178.32,10.77,2500.00
0,4000,3792074,180.00,178.71,16.15,2500.00
0,4000,3796074,180.00,178.97,10.77,2500.00
0,4000,3800074,180.00,179.35,16.15,2500.00
0,4000,3804074,180.00,179.74,16.15,2500.00
0,4000,3808074,180.00,180.00,10.77,2500.00
0,4000,3812074,180.00,180.39,16.15,2500.00
0,4000,3816074,180.00,180.65,10.77,2500.00
0,4000,3820074,180.00,180.90,10.77,2500.00
0,4000,3824074,180.00,181.29,16.15,2500.00
0,4000,3828074,180.00,181.42,5.38,2500.00
0,4000,3832074,180.00,181.55,5.38,2500.00
0,4000,3836074,180.00,181.68,5.38,2500.00
0,4000,3840074,180.00,181.68,0.00,2500.00
0,4000,3844074,180.00,181.68,0.00,2500.00
0,4000,3848074,180.00,181.55,-5.38,2500.00
0,4000,3852074,180.00,181.29,-10.77,2500.00
0,4000,3856074,180.00,181.16,-5.38,2500.00
0,4000,3860074,180.00,180.90,-10.77,2500.00
0,4000,3864074,180.00,180.65,-10.77,2500.00
0,4000,3868074,180.00,180.39,-10.77,2500.00
0,4000,3872074,180.00,180.13,-10.77,2500.00
0,4000,3876074,180.00,179.87,-10.77,2500.00
0,4000,3880074,180.00,179.74,-5.38,2500.00
0,4000,3884074,180.00,179.48,-10.77,2500.00
0,4000,3888074,180.00,179.22,-10.77,2500.00
0,4000,3892074,180.00,179.10,-5.38,2500.00
0,4000,3896074,180.00,178.84,-10.77,2500.00
0,4000,3900074,180.00,178.71,-5.38,2500.00
0,4000,3904074,180.00,178.71,0.00,2500.00
0,4000,3908074,180.00,178.71,0.00,2500.00
0,4000,3912074,180.00,178.84,0.00,2500.00
0,4000,3916074,180.00,178.97,10.77,2500.00
0,4000,3920074,180.00,179.10,5.38,2500.00
0,4000,3924074,180.00,179.22,5.38,2500.00
0,4000,3928074,180.00,179.48,10.77,2500.00
0,4000,3932074,180.00,179.61,5.38,2500.00
0,4000,3936074,180.00,179.74,5.38,2500.00
0,4000,3940074,180.00,179.87,5.38,2500.00
0,4000,3944074,180.00,180.00,5.38,2500.00
0,4000,3948074,180.00,180.26,10.77,2500.00
0,4000,3952074,180.00,180.26,0.00,2500.00
0,4000,3956074,180.00,180.52,5.38,2500.00
0,4000,3960074,180.00,180.52,5.38,2500.00
0,4000,3964074,180.00,180.65,5.38,2500.00
0,4000,3968074,180.00,180.78,5.38,2500.00
0,4000,3972074,180.00,180.78,0.00,2500.00
0,4000,3976074,180.00,180.90,5.38,2500.00
0,4000,3980074,180.00,181.03,5.38,2500.00
0,4000,3984074,180.00,181.03,0.00,2500.00
0,4000,3988074,180.00,181.03,0.00,2500.00
0,4000,3992074,180.00,180.78,-10.77,2500.00
0,4000,3996074,180.00,180.52,-10.77,2500.00
0,4000,4000074,180.00,180.39,-5.38,2500.00
0,4000,4004074,180.00,180.26,-5.38,2500.00
0,4000,4008074,180.00,180.00,-10.77,2500.00
0,4000,4012074,180.00,179.87,-5.38,2500.00
0,4000,4016074,180.00,179.74,-5.38,2500.00
0,4000,4020074,180.00,179.48,-5.38,2500.00
0,4000,4024074,180.00,179.48,-5.38,2500.00
0,4000,4028074,180.00,179.22,-10.77,2500.00
0,4000,4032074,180.00,179.22,0.00,2500.00
0,4000,4036074,180.00,178.97,-10.77,2500.00
0,4000,4040074,180.00,178.97,0.00,2500.00
0,4000,4044074,180.00,178.97,0.00,2500.00
0,4000,4048074,180.00,178.97,0.00,2500.00
0,4000,4052074,180.00,179.10,5.38,2500.00
0,4000,4056074,180.00,179.35,10.77,2500.00
0,4000,4060074,180.00,179.48,5.38,2500.00
0,4000,4064074,180.00,179.74,5.38,2500.00
0,4000,4068074,180.00,179.87,10.77,2500.00
0,4000,4072074,180.00,180.00,5.38,2500.00
0,4000,4076074,180.00,180.13,5.38,2500.00
0,4000,4080074,180.00,180.26,5.38,2500.00
0,4000,4084074,180.00,180.39,5.38,2500.00
0,4000,4088074,180.00,180.52,5.38,2500.00
0,4000,4092074,180.00,180.65,5.38,2500.00
0,4000,4096074,180.00,180.78,5.38,2500.00
0,4000,4100074,180.00,180.90,5.38,2500.00
0,4000,4104074,180.00,180.90,0.00,2500.00
0,4000,4108074,180.00,181.03,5.38,2500.00
0,4000,4112074,180.00,181.03,0.00,2500.00
0,4000,4116074,180.00,181.03,0.00,2500.00
0,4000,4120074,180.00,181.03,0.00,2500.00
0,4000,4124074,180.00,181.03,0.00,2500.00
0,4000,4128074,180.00,180.78,-10.77,2500.00
0,4000,4132074,180.00,180.65,-5.38,2500.00
0,4000,4136074,180.00,180.39,-10.77,2500.00
0,4000,4140074,180.00,180.13,-10.77,2500.00
0,4000,4144074,180.00,180.00,-5.38,2500.00
0,4000,4148074,180.00,179.74,-10.77,2500.00
0,4000,4152074,180.00,179.61,-5.38,2500.00
0,4000,4156074,180.00,179.35,-10.77,2500.00
0,4000,4160074,180.00,179.22,-5.38,2500.00
0,4000,4164074,180.00,179.10,-5.38,2500.00
0,4000,4168074,180.00,178.84,-10.77,2500.00
0,4000,4172074,180.00,178.71,-5.38,2500.00
0,4000,4176074,180.00,178.71,0.00,2500.00
0,4000,4180074,180.00,178.71,0.00,2500.00
0,4000,4184074,180.00,178.71,0.00,2500.00
0,4000,4188074,180.00,178.84,0.00,2500.00
0,4000,4192074,180.00,178.97,10.77,2500.00
0,4000,4196074,180.00,179.22,10.77,2500.00
0,4000,4200074,180.00,179.48,10.77,2500.00
0,4000,4204074,180.00,179.74,10.77,2500.00
0,4000,4208074,180.00,179.87,5.38,2500.00
0,4000,4212074,180.00,180.13,10.77,2500.00
0,4000,4216074,180.00,180.26,5.38,2500.00
0,4000,4220074,180.00,180.52,10.77,2500.00
0,4000,4224074,180.00,180.65,5.38,2500.00
0,4000,4228074,180.00,180.78,5.38,2500.00
0,4000,4232074,180.00,181.03,10.77,2500.00
0,4000,4236074,180.00,181.16,5.38,2500.00
0,4000,4240074,180.00,181.29,5.38,2500.00
0,4000,4244074,180.00,181.29,0.00,2500.00
0,4000,4248074,180.00,181.29,0.00,2500.00
0,4000,4252074,180.00,181.03,-10.77,2500.00
0,4000,4256074,180.00,180.90,-5.38,2500.00
0,4000,4260074,180.00,180.78,-5.38,2500.00
0,4000,4264074,180.00,180.52,-10.77,2500.00
0,4000,4268074,180.00,180.39,-5.38,2500.00
0,4000,4272074,180.00,180.26,-5.38,2500.00
0,4000,4276074,180.00,180.13,-5.38,2500.00
0,4000,4280074,180.00,180.00,-5.38,2500.00
0,4000,4284074,180.00,179.74,-5.38,2500.00
0,4000,4288074,180.00,179.74,0.00,2500.00
0,4000,4292074,180.00,179.61,-5.38,2500.00
0,4000,4296074,180.00,179.48,-5.38,2500.00
0,4000,4300074,180.00,179.35,-5.38,2500.00
0,4000,4304074,180.00,179.22,-5.38,2500.00
0,4000,4308074,180.00,179.22,0.00,2500.00
0,4000,4312074,180.00,179.10,-5.38,2500.00
0,4000,4316074,180.00,178.97,-5.38,2500.00
0,4000,4320074,180.00,178.97,0.00,2500.00
0,4000,4324074,180.00,178.97,0.00,2500.00
0,4000,4328074,180.00,179.10,5.38,2500.00
0,4000,4332074,180.00,179.22,5.38,2500.00
0,4000,4336074,180.00,179.48,10.77,2500.00
0,4000,4340074,180.00,179.61,5.38,2500.00
0,4000,4344074,180.00,179.74,5.38,2500.00
0,4000,4348074,180.00,179.87,5.38,2500.00
0,4000,4352074,180.00,180.00,5.38,2500.00
0,4000,4356074,180.00,180.13,5.38,2500.00
0,4000,4360074,180.00,180.26,5.38,2500.00
0,4000,4364074,180.00,180.39,5.38,2500.00
0,4000,4368074,180.00,180.52,5.38,2500.00
0,4000,4372074,180.00,180.65,5.38,2500.00
0,4000,4376074,180.00,180.78,5.38,2500.00
0,4000,4380074,180.00,180.78,0.00,2500.00
0,4000,4384074,180.00,180.90,5.38,2500.00
0,4000,4388074,180.00,180.90,0.00,2500.00
0,4000,4392074,180.00,181.03,5.38,2500.00
0,4000,4396074,180.00,181.03,0.00,2500.00
0,4000,4400074,180.00,181.03,0.00,2500.00
0,4000,4404074,180.00,181.03,0.00,2500.00
0,4000,4408074,180.00,181.03,0.00,2500.00
0,4000,4412074,180.00,180.78,-10.77,2500.00
0,4000,4416074,180.00,180.52,-10.77,2500.00
0,4000,4420074,180.00,180.26,-10.77,2500.00
0,4000,4424074,180.00,180.00,-10.77,2500.00
0,4000,4428074,180.00,179.74,-10.77,2500.00
0,4000,4432074,180.00,179.61,-5.38,2500.00
0,4000,4436074,180.00,179.35,-10.77,2500.00
0,4000,4440074,180.00,179.22,-5.38,2500.00
0,4000,4444074,180.00,178.97,-10.77,2500.00
0,4000,4448074,180.00,178.97,0.00,2500.00
0,4000,4452074,180.00,178.84,-5.38,2500.00
0,4000,4456074,180.00,178.84,0.00,2500.00
0,4000,4460074,180.00,178.84,0.00,2500.00
0,4000,4464074,180.00,178.97,5.38,2500.00
0,4000,4468074,180.00,179.22,10.77,2500.00
0,4000,4472074,180.00,179.35,5.38,2500.00
0,4000,4476074,180.00,179.61,10.77,2500.00
0,4000,4480074,180.00,179.87,10.77,2500.00
0,4000,4484074,180.00,180.00,5.38,2500.00
0,4000,4488074,180.00,180.26,10.77,2500.00
0,4000,4492074,180.00,180.52,10.77,2500.00
0,4000,4496074,180.00,180.65,5.38,2500.00
0,4000,4500074,180.00,180.78,5.38,2500.00
0,4000,4504074,180.00,181.03,10.77,2500.00
0,4000,4508074,180.00,181.03,0.00,2500.00
0,4000,4512074,180.00,181.16,5.38,2500.00
0,4000,4516074,180.00,181.16,0.00,2500.00
0,4000,4520074,180.00,181.16,0.00,2500.00
0,4000,4524074,180.00,181.03,-5.38,2500.00
0,4000,4528074,180.00,180.78,-10.77,2500.00
0,4000,4532074,180.00,180.65,-5.38,2500.00
0,4000,4536074,180.00,180.39,-10.77,2500.00
0,4000,4540074,180.00,180.13,-10.77,2500.00
0,4000,4544074,180.00,180.00,-5.38,2500.00
0,4000,4548074,180.00,179.74,-10.77,2500.00
0,4000,4552074,180.00,179.48,-10.77,2500.00
0,4000,4556074,180.00,179.35,-5.38,2500.00
0,4000,4560074,180.00,179.22,-5.38,2500.00
0,4000,4564074,180.00,178.97,-10.77,2500.00
0,4000,4568074,180.00,178.84,-5.38,2500.00
0,4000,4572074,180.00,178.84,0.00,2500.00
0,4000,4576074,180.00,178.84,0.00,2500.00
0,4000,4580074,180.00,178.84,0.00,2500.00
0,4000,4584074,180.00,178.97,5.38,2500.00
0,4000,4588074,180.00,179.22,10.77,2500.00
0,4000,4592074,180.00,179.48,10.77,2500.00
0,4000,4596074,180.00,179.61,5.38,2500.00
0,4000,4600074,180.00,179.87,10.77,2500.00
0,4000,4604074,180.00,180.13,10.77,2500.00
0,4000,4608074,180.00,180.26,5.38,2500.00
0,4000,4612074,180.00,180.52,10.77,2500.00
0,4000,4616074,180.00,180.78,10.77,2500.00
0,4000,4620074,180.00,180.90,5.38,2500.00
0,4000,4624074,180.00,181.03,5.38,2500.00
0,4000,4628074,180.00,181.16,5.38,2500.00
0,4000,4632074,180.00,181.16,0.00,2500.00
0,4000,4636074,180.00,181.16,0.00,2500.00
0,4000,4640074,180.00,181.16,0.00,2500.00
0,4000,4644074,180.00,181.03,-5.38,2500.00
0,4000,4648074,180.00,180.90,-5.38,2500.00
0,4000,4652074,180.00,180.65,-10.77,2500.00
0,4000,4656074,180.00,180.39,-10.77,2500.00
0,4000,4660074,180.00,180.13,-10.77,2500.00
0,4000,4664074,180.00,179.87,-10.77,2500.00
0,4000,4668074,180.00,179.74,-5.38,2500.00
0,4000,4672074,180.00,179.48,-10.77,2500.00
0,4000,4676074,180.00,179.22,-10.77,2500.00
0,4000,4680074,180.00,179.10,-5.38,2500.00
0,4000,4684074,180.00,178.97,-5.38,2500.00
0,4000,4688074,180.00,178.84,-5.38,2500.00
0,4000,4692074,180.00,178.71,-5.38,2500.00
0,4000,4696074,180.00,178.71,0.00,2500.00
0,4000,4700074,180.00,178.84,5.38,2500.00
0,4000,4704074,180.00,178.97,5.38,2500.00
0,4000,4708074,180.00,179.10,5.38,2500.00
0,4000,4712074,180.00,179.35,10.77,2500.00
0,4000,4716074,180.00,179.61,10.77,2500.00
0,4000,4720074,180.00,179.87,10.77,2500.00
0,4000,4724074,180.00,180.00,5.38,2500.00
0,4000,4728074,180.00,180.26,10.77,2500.00
0,4000,4732074,180.00,180.52,10.77,2500.00
0,4000,4736074,180.00,180.65,5.38,2500.00
0,4000,4740074,180.00,180.78,5.38,2500.00
0,4000,4744074,180.00,181.03,10.77,2500.00
0,4000,4748074,180.00,181.16,5.38,2500.00
0,4000,4752074,180.00,181.16,0.00,2500.00
0,4000,4756074,180.00,181.16,0.00,2500.00
0,4000,4760074,180.00,181.16,0.00,2500.00
0,4000,4764074,180.00,181.03,-5.38,2500.00
0,4000,4768074,180.00,180.90,-5.38,2500.00
0,4000,4772074,180.00,180.65,-10.77,2500.00
0,4000,4776074,180.00,180.39,-10.77,2500.00
0,4000,4780074,180.00,180.13,-10.77,2500.00
0,4000,4784074,180.00,180.00,-5.38,2500.00
0,4000,4788074,180.00,179.74,-10.77,2500.00
0,4000,4792074,180.00,179.48,-10.77,2500.00
0,4000,4796074,180.00,179.35,-5.38,2500.00
0,4000,4800074,180.00,179.22,-5.38,2500.00
0,4000,4804074,180.00,178.97,-10.77,2500.00
0,4000,4808074,180.00,178.84,-5.38,2500.00
0,4000,4812074,180.00,178.84,0.00,2500.00
0,4000,4816074,180.00,178.84,0.00,2500.00
0,4000,4820074,180.00,178.84,0.00,2500.00
0,4000,4824074,180.00,178.97,5.38,2500.00
0,4000,4828074,180.00,179.22,10.77,2500.00
0,4000,4832074,180.00,179.48,5.38,2500.00
0,4000,4836074,180.00,179.61,10.77,2500.00
0,4000,4840074,180.00,179.87,10.77,2500.00
0,4000,4844074,180.00,180.13,10.77,2500.00
0,4000,4848074,180.00,180.26,5.38,2500.00
0,4000,4852074,180.00,180.52,10.77,2500.00
0,4000,4856074,180.00,180.78,5.38,2500.00
0,4000,4860074,180.00,180.90,10.77,2500.00
0,4000,4864074,180.00,181.03,5.38,2500.00
0,4000,4868074,180.00,181.16,5.38,2500.00
0,4000,4872074,180.00,181.16,0.00,2500.00
0,4000,4876074,180.00,181.16,0.00,2500.00
0,4000,4880074,180.00,181.16,0.00,2500.00
0,4000,4884074,180.00,181.03,-5.38,2500.00
0,4000,4888074,180.00,180.90,-5.38,2500.00
0,4000,4892074,180.00,180.65,-10.77,2500.00
0,4000,4896074,180.00,180.39,-10.77,2500.00
0,4000,4900074,180.00,180.13,-10.77,2500.00
0,4000,4904074,180.00,179.87,-10.77,2500.00
0,4000,4908074,180.00,179.74,-5.38,2500.00
0,4000,4912074,180.00,179.48,-10.77,2500.00
0,4000,4916074,180.00,179.22,-10.77,2500.00
0,4000,4920074,180.00,179.10,-5.38,2500.00
0,4000,4924074,180.00,178.97,-5.38,2500.00
0,4000,4928074,180.00,178.84,-5.38,2500.00
0,4000,4932074,180.00,178.84,0.00,2500.00
0,4000,4936074,180.00,178.84,0.00,2500.00
0,4000,4940074,180.00,178.84,0.00,2500.00
0,4000,4944074,180.00,178.97,5.38,2500.00
0,4000,4948074,180.00,179.10,5.38,2500.00
0,4000,4952074,180.00,179.35,10.77,2500.00
0,4000,4956074,180.00,179.61,10.77,2500.00
0,4000,4960074,180.00,179.87,10.77,2500.00
0,4000,4964074,180.00,180.00,5.38,2500.00
0,4000,4968074,180.00,180.26,10.77,2500.00
0,4000,4972074,180.00,180.52,10.77,2500.00
0,4000,4976074,180.00,180.65,5.38,2500.00
