0,1948074,1948074,180.00,180.00,0.00,0.00
0,4000,1952074,180.00,180.00,0.00,0.00
0,4000,1956074,180.00,180.00,0.00,0.00
0,4000,1960074,180.00,180.00,0.00,0.00
0,4000,1964074,180.00,180.00,0.00,0.00
0,4000,1968074,180.00,180.00,0.00,0.00
0,4000,1972074,180.00,180.00,0.00,0.00
0,4000,1976074,180.00,180.00,0.00,0.00
0,4000,1980074,180.00,180.00,0.00,0.00
0,4000,1984074,180.12,180.00,0.00,4000.00
0,4000,1988074,180.24,180.00,0.00,4000.00
0,4000,1992074,180.36,180.00,0.00,4000.00
0,4000,1996074,180.48,180.00,0.00,4000.00
0,4000,2000074,180.60,180.00,0.00,4000.00
0,4000,2004074,180.72,180.00,0.00,4000.00
0,4000,2008074,180.84,180.00,0.00,4000.00
0,4000,2012074,180.96,180.00,0.00,4000.00
0,4000,2016074,181.08,180.00,0.00,4000.00
0,4000,2020074,181.20,180.00,0.00,4000.00
0,4000,2024074,181.32,180.00,0.00,4000.00
0,4000,2028074,181.44,179.87,-10.77,4000.00
0,4000,2032074,181.56,180.13,10.77,4000.00
0,4000,2036074,181.68,180.52,16.15,4000.00
0,4000,2040074,181.80,181.03,16.15,4000.00
0,4000,2044074,181.92,181.42,21.54,4000.00
0,4000,2048074,182.04,181.81,16.15,4000.00
0,4000,2052074,182.16,182.33,21.54,4000.00
0,4000,2056074,182.28,182.58,10.77,4000.00
0,4000,2060074,182.40,182.97,16.15,4000.00
0,4000,2064074,182.52,183.23,10.77,4000.00
0,4000,2068074,182.64,183.49,10.77,4000.00
0,4000,2072074,182.76,183.75,10.77,4000.00
0,4000,2076074,182.88,184.01,10.77,4000.00
0,4000,2080074,183.00,184.13,5.38,4000.00
0,4000,2084074,183.12,184.13,0.00,4000.00
0,4000,2088074,183.24,184.13,0.00,4000.00
0,4000,2092074,183.36,183.88,-10.77,4000.00
0,4000,2096074,183.48,183.75,-5.38,4000.00
0,4000,2100074,183.60,183.62,-5.38,4000.00
0,4000,2104074,183.72,183.36,-10.77,4000.00
0,4000,2108074,183.84,183.23,-5.38,4000.00
0,4000,2112074,183.96,183.10,-5.38,4000.00
0,4000,2116074,184.08,182.97,-5.38,4000.00
0,4000,2120074,184.20,182.84,-5.38,4000.00
0,4000,2124074,184.32,182.84,0.00,4000.00
0,4000,2128074,184.44,182.97,5.38,4000.00
0,4000,2132074,184.56,183.10,5.38,4000.00
0,4000,2136074,184.68,183.49,16.15,4000.00
0,4000,2140074,184.80,183.88,16.15,4000.00
0,4000,2144074,184.92,184.13,10.77,4000.00
0,4000,2148074,185.04,184.52,16.15,4000.00
0,4000,2152074,185.16,184.78,10.77,4000.00
0,4000,2156074,185.28,185.04,10.77,4000.00
0,4000,2160074,185.40,185.30,10.77,4000.00
0,4000,2164074,185.52,185.56,5.38,4000.00
0,4000,2168074,185.64,185.69,10.77,4000.00
0,4000,2172074,185.76,185.81,5.38,4000.00
0,4000,2176074,185.88,185.94,5.38,4000.00
0,4000,2180074,186.00,185.94,0.00,4000.00
0,4000,2184074,186.12,186.07,5.38,4000.00
0,4000,2188074,186.24,186.07,0.00,4000.00
0,4000,2192074,186.36,186.07,0.00,4000.00
0,4000,2196074,186.48,185.94,-5.38,4000.00
0,4000,2200074,186.60,185.94,0.00,4000.00
0,4000,2204074,186.72,185.94,0.00,4000.00
0,4000,2208074,186.84,185.94,0.00,4000.00
0,4000,2212074,186.96,185.94,0.00,4000.00
0,4000,2216074,187.08,185.81,-5.38,4000.00
0,4000,2220074,187.20,185.94,5.38,4000.00
0,4000,2224074,187.32,186.07,5.38,4000.00
0,4000,2228074,187.44,186.33,10.77,4000.00
0,4000,2232074,187.56,186.59,10.77,4000.00
0,4000,2236074,187.68,186.98,16.15,4000.00
0,4000,2240074,187.80,187.24,10.77,4000.00
0,4000,2244074,187.92,187.37,5.38,4000.00
0,4000,2248074,188.04,187.62,10.77,4000.00
0,4000,2252074,188.16,187.75,5.38,4000.00
0,4000,2256074,188.28,187.88,5.38,4000.00
0,4000,2260074,188.40,187.88,0.00,4000.00
0,4000,2264074,188.52,188.01,5.38,4000.00
0,4000,2268074,188.64,188.01,0.00,4000.00
0,4000,2272074,188.76,187.88,-5.38,4000.00
0,4000,2276074,188.88,187.88,0.00,4000.00
0,4000,2280074,189.00,187.75,-5.38,4000.00
0,4000,2284074,189.12,187.75,0.00,4000.00
0,4000,2288074,189.24,187.88,5.38,4000.00
0,4000,2292074,189.36,188.01,5.38,4000.00
0,4000,2296074,189.48,188.14,5.38,4000.00
0,4000,2300074,189.60,188.40,10.77,4000.00
0,4000,2304074,189.72,188.79,16.15,4000.00
0,4000,2308074,189.84,189.04,10.77,4000.00
0,4000,2312074,189.96,189.30,10.77,4000.00
0,4000,2316074,190.08,189.56,10.77,4000.00
0,4000,2320074,190.20,189.69,5.38,4000.00
0,4000,2324074,190.32,189.82,5.38,4000.00
0,4000,2328074,190.44,189.82,0.00,4000.00
0,4000,2332074,190.56,189.95,5.38,4000.00
0,4000,2336074,190.68,189.95,0.00,4000.00
0,4000,2340074,190.80,189.95,0.00,4000.00
0,4000,2344074,190.92,189.82,-5.38,4000.00
0,4000,2348074,191.04,189.82,0.00,4000.00
0,4000,2352074,191.16,189.95,5.38,4000.00
0,4000,2356074,191.28,190.08,5.38,4000.00
0,4000,2360074,191.40,190.34,10.77,4000.00
0,4000,2364074,191.52,190.47,5.38,4000.00
0,4000,2368074,191.64,190.85,16.15,4000.00
0,4000,2372074,191.76,191.11,10.77,4000.00
0,4000,2376074,191.88,191.37,10.77,4000.00
0,4000,2380074,192.00,191.50,5.38,4000.00
0,4000,2384074,192.12,191.63,5.38,4000.00
0,4000,2388074,192.24,191.76,5.38,4000.00
0,4000,2392074,192.36,191.76,0.00,4000.00
0,4000,2396074,192.48,191.76,0.00,4000.00
0,4000,2400074,192.60,191.76,0.00,4000.00
0,4000,2404074,192.72,191.63,-5.38,4000.00
0,4000,2408074,192.84,191.63,0.00,4000.00
0,4000,2412074,192.96,191.76,5.38,4000.00
0,4000,2416074,193.08,191.89,5.38,4000.00
0,4000,2420074,193.20,192.02,5.38,4000.00
0,4000,2424074,193.32,192.15,5.38,4000.00
0,4000,2428074,193.44,192.53,16.15,4000.00
0,4000,2432074,193.56,192.79,10.77,4000.00
0,4000,2436074,193.68,192.92,5.38,4000.00
0,4000,2440074,193.80,193.18,10.77,4000.00
0,4000,2444074,193.92,193.18,0.00,4000.00
0,4000,2448074,194.04,193.31,5.38,4000.00
0,4000,2452074,194.16,193.31,0.00,4000.00
0,4000,2456074,194.28,193.31,0.00,4000.00
0,4000,2460074,194.40,193.18,-5.38,4000.00
0,4000,2464074,194.52,193.18,0.00,4000.00
0,4000,2468074,194.64,193.18,0.00,4000.00
0,4000,2472074,194.76,193.31,5.38,4000.00
0,4000,2476074,194.88,193.44,5.38,4000.00
0,4000,2480074,195.00,193.70,10.77,4000.00
0,4000,2484074,195.12,193.95,10.77,4000.00
0,4000,2488074,195.24,194.21,10.77,4000.00
0,4000,2492074,195.36,194.47,10.77,4000.00
0,4000,2496074,195.48,194.86,16.15,4000.00
0,4000,2500074,195.60,195.12,10.77,4000.00
0,4000,2504074,195.72,195.25,5.38,4000.00
0,4000,2508074,195.84,195.38,5.38,4000.00
0,4000,2512074,195.96,195.51,5.38,4000.00
0,4000,2516074,196.08,195.51,0.00,4000.00
0,4000,2520074,196.20,195.51,0.00,4000.00
0,4000,2524074,196.32,195.38,-5.38,4000.00
0,4000,2528074,196.44,195.25,-5.38,4000.00
0,4000,2532074,196.56,195.25,0.00,4000.00
0,4000,2536074,196.68,195.25,0.00,4000.00
0,4000,2540074,196.80,195.38,5.38,4000.00
0,4000,2544074,196.92,195.51,5.38,4000.00
0,4000,2548074,197.04,195.63,5.38,4000.00
0,4000,2552074,197.16,195.89,10.77,4000.00
0,4000,2556074,197.28,196.15,10.77,4000.00
0,4000,2560074,197.40,196.41,10.77,4000.00
0,4000,2564074,197.52,196.67,10.77,4000.00
0,4000,2568074,197.64,196.80,5.38,4000.00
0,4000,2572074,197.76,197.06,10.77,4000.00
0,4000,2576074,197.88,197.06,0.00,4000.00
0,4000,2580074,198.00,197.06,0.00,4000.00
0,4000,2584074,198.12,197.06,0.00,4000.00
0,4000,2588074,198.24,197.06,0.00,4000.00
0,4000,2592074,198.36,197.06,0.00,4000.00
0,4000,2596074,198.48,197.19,5.38,4000.00
0,4000,2600074,198.60,197.31,5.38,4000.00
0,4000,2604074,198.72,197.44,5.38,4000.00
0,4000,2608074,198.84,197.70,10.77,4000.00
0,4000,2612074,198.96,197.96,10.77,4000.00
0,4000,2616074,199.08,198.22,5.38,4000.00
0,4000,2620074,199.20,198.35,10.77,4000.00
0,4000,2624074,199.32,198.48,5.38,4000.00
0,4000,2628074,199.44,198.48,0.00,4000.00
0,4000,2632074,199.56,198.48,0.00,4000.00
0,4000,2636074,199.68,198.48,0.00,4000.00
0,4000,2640074,199.80,198.61,5.38,4000.00
0,4000,2644074,199.92,198.61,0.00,4000.00
0,4000,2648074,200.04,198.74,5.38,4000.00
0,4000,2652074,200.16,198.86,5.38,4000.00
0,4000,2656074,200.28,199.12,10.77,4000.00
0,4000,2660074,200.40,199.38,10.77,4000.00
0,4000,2664074,200.52,199.64,10.77,4000.00
0,4000,2668074,200.64,199.90,10.77,4000.00
0,4000,2672074,200.76,200.03,5.38,4000.00
0,4000,2676074,200.88,200.16,5.38,4000.00
0,4000,2680074,201.00,200.29,5.38,4000.00
0,4000,2684074,201.12,200.29,0.00,4000.00
0,4000,2688074,201.24,200.16,-5.38,4000.00
0,4000,2692074,201.36,200.16,0.00,4000.00
0,4000,2696074,201.48,200.16,0.00,4000.00
0,4000,2700074,201.60,200.29,5.38,4000.00
0,4000,2704074,201.72,200.42,5.38,4000.00
0,4000,2708074,201.84,200.54,0.00,4000.00
0,4000,2712074,201.96,200.67,10.77,4000.00
0,4000,2716074,202.08,200.93,10.77,4000.00
0,4000,2720074,202.20,201.19,10.77,4000.00
0,4000,2724074,202.32,201.45,10.77,4000.00
0,4000,2728074,202.44,201.71,10.77,4000.00
0,4000,2732074,202.56,201.97,10.77,4000.00
0,4000,2736074,202.68,201.97,0.00,4000.00
0,4000,2740074,202.80,202.10,5.38,4000.00
0,4000,2744074,202.92,202.10,0.00,4000.00
0,4000,2748074,203.04,201.97,0.00,4000.00
0,4000,2752074,203.16,201.97,-5.38,4000.00
0,4000,2756074,203.28,201.97,0.00,4000.00
0,4000,2760074,203.40,201.97,0.00,4000.00
0,4000,2764074,203.52,201.97,0.00,4000.00
0,4000,2768074,203.64,202.10,5.38,4000.00
0,4000,2772074,203.76,202.22,5.38,4000.00
0,4000,2776074,203.88,202.35,5.38,4000.00
0,4000,2780074,204.00,202.48,5.38,4000.00
0,4000,2784074,204.12,202.74,10.77,4000.00
0,4000,2788074,204.24,203.00,10.77,4000.00
0,4000,2792074,204.36,203.26,10.77,4000.00
0,4000,2796074,204.48,203.52,10.77,4000.00
0,4000,2800074,204.60,203.77,10.77,4000.00
0,4000,2804074,204.72,204.03,10.77,4000.00
0,4000,2808074,204.84,204.03,0.00,4000.00
0,4000,2812074,204.96,204.16,5.38,4000.00
0,4000,2816074,205.08,204.16,0.00,4000.00
0,4000,2820074,205.20,204.03,-5.38,4000.00
0,4000,2824074,205.32,204.03,0.00,4000.00
0,4000,2828074,205.44,204.03,0.00,4000.00
0,4000,2832074,205.56,204.03,0.00,4000.00
0,4000,2836074,205.68,204.16,5.38,4000.00
0,4000,2840074,205.80,204.29,5.38,4000.00
0,4000,2844074,205.92,204.42,5.38,4000.00
0,4000,2848074,206.04,204.55,5.38,4000.00
0,4000,2852074,206.16,204.68,5.38,4000.00
0,4000,2856074,206.28,204.94,10.77,4000.00
0,4000,2860074,206.40,205.20,10.77,4000.00
0,4000,2864074,206.52,205.33,5.38,4000.00
0,4000,2868074,206.64,205.71,16.15,4000.00
0,4000,2872074,206.76,205.84,5.38,4000.00
0,4000,2876074,206.88,206.10,10.77,4000.00
0,4000,2880074,207.00,206.10,0.00,4000.00
0,4000,2884074,207.12,206.10,0.00,4000.00
0,4000,2888074,207.24,206.10,0.00,4000.00
0,4000,2892074,207.36,206.10,0.00,4000.00
0,4000,2896074,207.48,206.23,5.38,4000.00
0,4000,2900074,207.60,206.36,5.38,4000.00
0,4000,2904074,207.72,206.36,0.00,4000.00
0,4000,2908074,207.84,206.49,5.38,4000.00
0,4000,2912074,207.96,206.62,5.38,4000.00
0,4000,2916074,208.08,206.75,5.38,4000.00
0,4000,2920074,208.20,207.01,10.77,4000.00
0,4000,2924074,208.32,207.13,5.38,4000.00
0,4000,2928074,208.44,207.39,10.77,4000.00
0,4000,2932074,208.56,207.65,10.77,4000.00
0,4000,2936074,208.68,207.78,5.38,4000.00
0,4000,2940074,208.80,207.91,5.38,4000.00
0,4000,2944074,208.92,207.91,0.00,4000.00
0,4000,2948074,209.04,207.91,0.00,4000.00
0,4000,2952074,209.16,208.04,5.38,4000.00
0,4000,2956074,209.28,208.04,0.00,4000.00
0,4000,2960074,209.40,208.17,5.38,4000.00
0,4000,2964074,209.52,208.17,0.00,4000.00
0,4000,2968074,209.64,208.30,5.38,4000.00
0,4000,2972074,209.76,208.43,5.38,4000.00
0,4000,2976074,209.88,208.43,0.00,4000.00
0,4000,2980074,210.00,208.68,10.77,4000.00
0,4000,2984074,210.00,208.81,5.38,4000.00
0,4000,2988074,210.00,208.94,5.38,4000.00
0,4000,2992074,210.00,209.07,5.38,4000.00
0,4000,2996074,210.00,209.20,5.38,4000.00
0,4000,3000074,210.00,209.33,5.38,4000.00
0,4000,3004074,210.00,209.33,0.00,4000.00
0,4000,3008074,210.00,209.20,-5.38,4000.00
0,4000,3012074,210.00,209.07,0.00,4000.00
0,4000,3016074,210.00,208.94,-10.77,4000.00
0,4000,3020074,210.00,208.94,0.00,4000.00
0,4000,3024074,210.00,208.81,-5.38,4000.00
0,4000,3028074,210.00,208.81,0.00,4000.00
0,4000,3032074,210.00,208.94,5.38,4000.00
0,4000,3036074,210.00,208.94,0.00,4000.00
0,4000,3040074,210.00,209.07,5.38,4000.00
0,4000,3044074,210.00,209.20,5.38,4000.00
0,4000,3048074,210.00,209.20,0.00,4000.00
0,4000,3052074,210.00,209.20,0.00,4000.00
0,4000,3056074,210.00,209.07,-5.38,4000.00
0,4000,3060074,210.00,208.94,-5.38,4000.00
0,4000,3064074,210.00,208.94,0.00,4000.00
0,4000,3068074,210.00,208.94,0.00,4000.00
0,4000,3072074,210.00,208.94,0.00,4000.00
0,4000,3076074,210.00,208.94,0.00,4000.00
0,4000,3080074,210.00,209.07,5.38,4000.00
0,4000,3084074,210.00,209.20,5.38,4000.00
0,4000,3088074,210.00,209.20,0.00,4000.00
0,4000,3092074,210.00,209.20,0.00,4000.00
0,4000,3096074,210.00,209.07,-5.38,4000.00
0,4000,3100074,210.00,208.94,-5.38,4000.00
0,4000,3104074,210.00,208.81,0.00,4000.00
0,4000,3108074,210.00,208.81,-5.38,4000.00
0,4000,3112074,210.00,208.94,5.38,4000.00
0,4000,3116074,210.00,208.94,0.00,4000.00
0,4000,3120074,210.00,209.07,5.38,4000.00
0,4000,3124074,210.00,209.20,5.38,4000.00
0,4000,3128074,210.00,209.20,0.00,4000.00
0,4000,3132074,209.80,209.07,-5.38,4000.00
0,4000,3136074,209.60,209.07,0.00,4000.00
0,4000,3140074,209.40,208.94,-5.38,4000.00
0,4000,3144074,209.20,208.81,-5.38,4000.00
0,4000,3148074,209.00,208.68,-5.38,4000.00
0,4000,3152074,208.80,208.43,-10.77,4000.00
0,4000,3156074,208.60,208.30,-5.38,4000.00
0,4000,3160074,208.40,208.17,-5.38,4000.00
0,4000,3164074,208.20,207.91,-10.77,4000.00
0,4000,3168074,208.00,207.65,-10.77,4000.00
0,4000,3172074,207.80,207.39,-10.77,4000.00
0,4000,3176074,207.60,207.13,-5.38,4000.00
0,4000,3180074,207.40,207.01,-10.77,4000.00
0,4000,3184074,207.20,206.75,-10.77,4000.00
0,4000,3188074,207.00,206.49,-10.77,4000.00
0,4000,3192074,206.80,206.23,-10.77,4000.00
0,4000,3196074,206.60,205.97,-10.77,4000.00
0,4000,3200074,206.40,205.71,-10.77,4000.00
0,4000,3204074,206.20,205.45,-10.77,4000.00
0,4000,3208074,206.00,205.20,-10.77,4000.00
0,4000,3212074,205.80,204.94,-5.38,4000.00
0,4000,3216074,205.60,204.81,-10.77,4000.00
0,4000,3220074,205.40,204.55,-10.77,4000.00
0,4000,3224074,205.20,204.29,-10.77,4000.00
0,4000,3228074,205.00,204.03,-10.77,4000.00
0,4000,3232074,204.80,203.77,-10.77,4000.00
0,4000,3236074,204.60,203.52,-10.77,4000.00
0,4000,3240074,204.40,203.39,-5.38,4000.00
0,4000,3244074,204.20,203.39,0.00,4000.00
0,4000,3248074,204.00,203.39,0.00,4000.00
0,4000,3252074,203.80,203.39,0.00,4000.00
0,4000,3256074,203.60,203.39,0.00,4000.00
0,4000,3260074,203.40,203.39,0.00,4000.00
0,4000,3264074,203.20,203.39,0.00,4000.00
0,4000,3268074,203.00,203.39,0.00,4000.00
0,4000,3272074,202.80,203.26,-5.38,4000.00
0,4000,3276074,202.60,203.26,0.00,4000.00
0,4000,3280074,202.40,203.26,0.00,4000.00
0,4000,3284074,202.20,203.26,0.00,4000.00
0,4000,3288074,202.00,203.13,-5.38,4000.00
0,4000,3292074,201.80,203.00,-5.38,4000.00
0,4000,3296074,201.60,202.61,-16.15,4000.00
0,4000,3300074,201.40,202.22,-16.15,4000.00
0,4000,3304074,201.20,201.71,-21.54,4000.00
0,4000,3308074,201.00,201.32,-16.15,4000.00
0,4000,3312074,200.80,200.93,-16.15,4000.00
0,4000,3316074,200.60,200.54,-16.15,4000.00
0,4000,3320074,200.40,200.16,-16.15,4000.00
0,4004,3324078,200.20,199.77,-16.15,4000.00
0,4000,3328078,200.00,199.51,-10.77,4000.00
0,4000,3332078,199.80,199.12,-16.15,4000.00
0,4000,3336078,199.60,198.86,-10.77,4000.00
0,4000,3340078,199.40,198.48,-10.77,4000.00
0,4000,3344078,199.20,198.22,-16.15,4000.00
0,4000,3348078,199.00,197.96,-10.77,4000.00
0,4000,3352078,198.80,197.70,-10.77,4000.00
0,4000,3356078,198.60,197.57,-5.38,4000.00
0,4000,3360078,198.40,197.57,0.00,4000.00
0,4000,3364078,198.20,197.57,0.00,4000.00
0,4000,3368078,198.00,197.57,0.00,4000.00
0,4000,3372078,197.80,197.57,0.00,4000.00
0,4000,3376078,197.60,197.57,0.00,4000.00
0,4000,3380078,197.40,197.44,-5.38,4000.00
0,4000,3384078,197.20,197.44,0.00,4000.00
0,4000,3388078,197.00,197.44,0.00,4000.00
0,4000,3392078,196.80,197.44,0.00,4000.00
0,4000,3396078,196.60,197.31,-5.38,4000.00
0,4000,3400078,196.40,197.31,0.00,4000.00
0,4000,3404078,196.20,197.31,0.00,4000.00
0,4000,3408078,196.00,197.06,-10.77,4000.00
0,4000,3412078,195.80,196.93,-5.38,4000.00
0,4000,3416078,195.60,196.54,-16.15,4000.00
0,4000,3420078,195.40,196.15,-16.15,4000.00
0,4000,3424078,195.20,195.76,-16.15,4000.00
0,4000,3428078,195.00,195.51,-10.77,4000.00
0,4000,3432078,194.80,195.12,-16.15,4000.00
0,4000,3436078,194.60,194.73,-16.15,4000.00
0,4000,3440078,194.40,194.47,-10.77,4000.00
0,4000,3444078,194.20,194.21,-10.77,4000.00
0,4000,3448078,194.00,193.95,-10.77,4000.00
0,4000,3452078,193.80,193.57,-16.15,4000.00
0,4000,3456078,193.60,193.31,-10.77,4000.00
0,4000,3460078,193.40,193.05,-10.77,4000.00
0,4000,3464078,193.20,192.79,-10.77,4000.00
0,4000,3468078,193.00,192.53,-10.77,4000.00
0,4000,3472078,192.80,192.28,-10.77,4000.00
0,4000,3476078,192.60,192.15,-5.38,4000.00
0,4000,3480078,192.40,191.89,-10.77,4000.00
0,4000,3484078,192.20,191.63,-10.77,4000.00
0,4000,3488078,192.00,191.37,-10.77,4000.00
0,4000,3492078,191.80,191.24,-5.38,4000.00
0,4000,3496078,191.60,190.98,-10.77,4000.00
0,4000,3500078,191.40,190.85,-5.38,4000.00
0,4000,3504078,191.20,190.60,-10.77,4000.00
0,4000,3508078,191.00,190.34,-10.77,4000.00
0,4000,3512078,190.80,190.21,-5.38,4000.00
0,4000,3516078,190.60,190.08,-5.38,4000.00
0,4000,3520078,190.40,189.82,-10.77,4000.00
0,4000,3524078,190.20,189.69,-5.38,4000.00
0,4000,3528078,190.00,189.56,-5.38,4000.00
0,4000,3532078,189.80,189.30,-10.77,4000.00
0,4000,3536078,189.60,189.17,-5.38,4000.00
0,4000,3540078,189.40,189.04,-5.38,4000.00
0,4000,3544078,189.20,188.92,-5.38,4000.00
0,4000,3548078,189.00,188.79,-5.38,4000.00
0,4000,3552078,188.80,188.53,-10.77,4000.00
0,4000,3556078,188.60,188.53,0.00,4000.00
0,4000,3560078,188.40,188.40,-5.38,4000.00
0,4000,3564078,188.20,188.27,-5.38,4000.00
0,4000,3568078,188.00,188.14,-5.38,4000.00
0,4000,3572078,187.80,188.01,-5.38,4000.00
0,4000,3576078,187.60,187.88,-5.38,4000.00
0,4000,3580078,187.40,187.75,-5.38,4000.00
0,4000,3584078,187.20,187.75,0.00,4000.00
0,4000,3588078,187.00,187.62,-5.38,4000.00
0,4000,3592078,186.80,187.49,-5.38,4000.00
0,4000,3596078,186.60,187.49,0.00,4000.00
0,4000,3600078,186.40,187.37,-5.38,4000.00
0,4000,3604078,186.20,187.24,-5.38,4000.00
0,4000,3608078,186.00,187.11,-5.38,4000.00
0,4000,3612078,185.80,186.98,-5.38,4000.00
0,4000,3616078,185.60,186.59,-16.15,4000.00
0,4000,3620078,185.40,186.20,-16.15,4000.00
0,4000,3624078,185.20,185.94,-10.77,4000.00
0,4000,3628078,185.00,185.56,-16.15,4000.00
0,4000,3632078,184.80,185.30,-10.77,4000.00
0,4000,3636078,184.60,185.04,-10.77,4000.00
0,4000,3640078,184.40,184.78,-10.77,4000.00
0,4000,3644078,184.20,184.52,-10.77,4000.00
0,4000,3648078,184.00,184.26,-10.77,4000.00
0,4000,3652078,183.80,184.01,-10.77,4000.00
0,4000,3656078,183.60,183.88,-5.38,4000.00
0,4000,3660078,183.40,183.62,-10.77,4000.00
0,4000,3664078,183.20,183.36,-10.77,4000.00
0,4000,3668078,183.00,183.23,-5.38,4000.00
0,4000,3672078,182.80,183.10,-5.38,4000.00
0,4000,3676078,182.60,182.84,-10.77,4000.00
0,4000,3680078,182.40,182.71,-5.38,4000.00
0,4000,3684078,182.20,182.58,-5.38,4000.00
0,4000,3688078,182.00,182.33,-10.77,4000.00
0,4000,3692078,181.80,182.20,-5.38,4000.00
0,4000,3696078,181.60,182.07,-5.38,4000.00
0,4000,3700078,181.40,181.94,-5.38,4000.00
0,4000,3704078,181.20,181.81,-5.38,4000.00
0,4000,3708078,181.00,181.68,-5.38,4000.00
0,4000,3712078,180.80,181.55,-5.38,4000.00
0,4000,3716078,180.60,181.42,-5.38,4000.00
0,4000,3720078,180.40,181.29,0.00,4000.00
0,4000,3724078,180.20,181.29,-5.38,4000.00
0,4000,3728078,180.00,181.03,-10.77,4000.00
0,4000,3732078,180.00,180.65,-16.15,4000.00
0,4000,3736078,180.00,180.26,-16.15,4000.00
0,4000,3740078,180.00,179.87,-16.15,4000.00
0,4000,3744078,180.00,179.61,-10.77,4000.00
0,4000,3748078,180.00,179.22,-16.15,4000.00
0,4000,3752078,180.00,178.97,-10.77,4000.00
0,4000,3756078,180.00,178.71,-10.77,4000.00
0,4000,3760078,180.00,178.71,0.00,4000.00
0,4000,3764078,180.00,178.58,-5.38,4000.00
0,4000,3768078,180.00,178.71,5.38,4000.00
0,4000,3772078,180.00,178.97,10.77,4000.00
0,4000,3776078,180.00,179.22,10.77,4000.00
0,4000,3780078,180.00,179.48,10.77,4000.00
0,4000,3784078,180.00,179.87,16.15,4000.00
0,4000,3788078,180.00,180.13,10.77,4000.00
0,4000,3792078,180.00,180.39,10.77,4000.00
0,4000,3796078,180.00,180.65,10.77,4000.00
0,4000,3800078,180.00,180.90,10.77,4000.00
0,4000,3804078,180.00,181.16,10.77,4000.00
0,4000,3808078,180.00,181.29,5.38,4000.00
0,4000,3812078,180.00,181.42,5.38,4000.00
0,4000,3816078,180.00,181.29,-5.38,4000.00
0,4000,3820078,180.00,181.29,0.00,4000.00
0,4000,3824078,180.00,181.03,-10.77,4000.00
0,4000,3828078,180.00,180.65,-10.77,4000.00
0,4000,3832078,180.00,180.26,-16.15,4000.00
0,4000,3836078,180.00,180.00,-16.15,4000.00
0,4000,3840078,180.00,179.74,-10.77,4000.00
0,4000,3844078,180.00,179.35,-16.15,4000.00
0,4000,3848078,180.00,179.10,-10.77,4000.00
0,4000,3852078,180.00,178.84,-10.77,4000.00
0,4000,3856078,180.00,178.71,-5.38,4000.00
0,4000,3860078,180.00,178.58,-5.38,4000.00
0,4000,3864078,180.00,178.58,0.00,4000.00
0,4000,3868078,180.00,178.71,5.38,4000.00
0,4000,3872078,180.00,178.97,10.77,4000.00
0,4000,3876078,180.00,179.22,10.77,4000.00
0,4000,3880078,180.00,179.61,16.15,4000.00
0,4000,3884078,180.00,180.00,10.77,4000.00
0,4000,3888078,180.00,180.26,10.77,4000.00
0,4000,3892078,180.00,180.52,10.77,4000.00
0,4000,3896078,180.00,180.78,10.77,4000.00
0,4000,3900078,180.00,181.03,10.77,4000.00
0,4000,3904078,180.00,181.29,10.77,4000.00
0,4000,3908078,180.00,181.29,0.00,4000.00
0,4000,3912078,180.00,181.29,0.00,4000.00
0,4000,3916078,180.00,181.16,-5.38,4000.00
0,4000,3920078,180.00,181.03,-5.38,4000.00
0,4000,3924078,180.00,180.65,-16.15,4000.00
0,4000,3928078,180.00,180.26,-16.15,4000.00
0,4000,3932078,180.00,180.00,-10.77,4000.00
0,4000,3936078,180.00,179.74,-10.77,4000.00
0,4000,3940078,180.00,179.48,-10.77,4000.00
0,4000,3944078,180.00,179.22,-10.77,4000.00
0,4000,3948078,180.00,178.97,-10.77,4000.00
0,4000,3952078,180.00,178.71,-10.77,4000.00
0,4000,3956078,180.00,178.71,0.00,4000.00
0,4000,3960078,180.00,178.71,0.00,4000.00
0,4000,3964078,180.00,178.84,5.38,4000.00
0,4000,3968078,180.00,178.97,5.38,4000.00
0,4000,3972078,180.00,179.35,16.15,4000.00
0,4000,3976078,180.00,179.74,16.15,4000.00
0,4000,3980078,180.00,180.00,10.77,4000.00
0,4000,3984078,180.00,180.39,16.15,4000.00
0,4000,3988078,180.00,180.65,10.77,4000.00
0,4000,3992078,180.00,180.90,10.77,4000.00
0,4000,3996078,180.00,181.16,10.77,4000.00
0,4000,4000078,180.00,181.29,5.38,4000.00
0,4000,4004078,180.00,181.42,5.38,4000.00
0,4000,4008078,180.00,181.42,0.00,4000.00
0,4000,4012078,180.00,181.29,-5.38,4000.00
0,4000,4016078,180.00,181.03,-10.77,4000.00
0,4000,4020078,180.00,180.78,-10.77,4000.00
0,4000,4024078,180.00,180.52,-10.77,4000.00
0,4000,4028078,180.00,180.13,-16.15,4000.00
0,4000,4032078,180.00,179.87,-10.77,4000.00
0,4000,4036078,180.00,179.48,-16.15,4000.00
0,4000,4040078,180.00,179.22,-10.77,4000.00
0,4000,4044078,180.00,178.97,-10.77,4000.00
0,4000,4048078,180.00,178.84,-5.38,4000.00
0,4000,4052078,180.00,178.71,0.00,4000.00
0,4000,4056078,180.00,178.84,10.77,4000.00
0,4000,4060078,180.00,178.97,5.38,4000.00
0,4000,4064078,180.00,179.10,5.38,4000.00
0,4000,4068078,180.00,179.35,10.77,4000.00
0,4000,4072078,180.00,179.61,10.77,4000.00
0,4000,4076078,180.00,179.87,10.77,4000.00
0,4000,4080078,180.00,180.00,5.38,4000.00
0,4000,4084078,180.00,180.26,10.77,4000.00
0,4000,4088078,180.00,180.52,10.77,4000.00
0,4000,4092078,180.00,180.65,5.38,4000.00
0,4000,4096078,180.00,180.78,5.38,4000.00
0,4000,4100078,180.00,181.03,10.77,4000.00
0,4000,4104078,180.00,181.03,0.00,4000.00
0,4000,4108078,180.00,181.03,0.00,4000.00
0,4000,4112078,180.00,181.03,0.00,4000.00
0,4000,4116078,180.00,180.78,-10.77,4000.00
0,4000,4120078,180.00,180.52,-10.77,4000.00
0,4000,4124078,180.00,180.26,-10.77,4000.00
0,4000,4128078,180.00,180.00,-10.77,4000.00
0,4000,4132078,180.00,179.74,-10.77,4000.00
0,4000,4136078,180.00,179.61,-5.38,4000.00
0,4000,4140078,180.00,179.35,-10.77,4000.00
0,4000,4144078,180.00,179.22,-5.38,4000.00
0,4000,4148078,180.00,178.97,-10.77,4000.00
0,4000,4152078,180.00,178.97,0.00,4000.00
0,4000,4156078,180.00,178.84,-5.38,4000.00
0,4000,4160078,180.00,178.97,5.38,4000.00
0,4000,4164078,180.00,179.10,5.38,4000.00
0,4000,4168078,180.00,179.35,5.38,4000.00
0,4000,4172078,180.00,179.48,10.77,4000.00
0,4000,4176078,180.00,179.74,10.77,4000.00
0,4000,4180078,180.00,179.87,5.38,4000.00
0,4000,4184078,180.00,180.00,5.38,4000.00
0,4000,4188078,180.00,180.26,10.77,4000.00
0,4000,4192078,180.00,180.39,5.38,4000.00
0,4000,4196078,180.00,180.52,5.38,4000.00
0,4000,4200078,180.00,180.78,10.77,4000.00
0,4000,4204078,180.00,180.78,0.00,4000.00
0,4000,4208078,180.00,180.90,5.38,4000.00
0,4000,4212078,180.00,181.03,5.38,4000.00
0,4000,4216078,180.00,181.16,5.38,4000.00
0,4000,4220078,180.00,181.03,-5.38,4000.00
0,4000,4224078,180.00,180.90,-5.38,4000.00
0,4000,4228078,180.00,180.78,-5.38,4000.00
0,4000,4232078,180.00,180.52,-10.77,4000.00
0,4000,4236078,180.00,180.39,-5.38,4000.00
0,4000,4240078,180.00,180.26,-5.38,4000.00
0,4000,4244078,180.00,180.00,-10.77,4000.00
0,4000,4248078,180.00,179.87,-5.38,4000.00
0,4000,4252078,180.00,179.74,-5.38,4000.00
0,4000,4256078,180.00,179.48,-10.77,4000.00
0,4000,4260078,180.00,179.48,0.00,4000.00
0,4000,4264078,180.00,179.22,-10.77,4000.00
0,4000,4268078,180.00,179.22,0.00,4000.00
0,4000,4272078,180.00,178.97,-10.77,4000.00
0,4000,4276078,180.00,178.97,0.00,4000.00
0,4000,4280078,180.00,178.97,0.00,4000.00
0,4000,4284078,180.00,179.22,5.38,4000.00
0,4000,4288078,180.00,179.35,10.77,4000.00
0,4000,4292078,180.00,179.48,5.38,4000.00
0,4000,4296078,180.00,179.74,10.77,4000.00
0,4000,4300078,180.00,179.87,5.38,4000.00
0,4000,4304078,180.00,180.00,5.38,4000.00
0,4000,4308078,180.00,180.26,10.77,4000.00
0,4000,4312078,180.00,180.39,5.38,4000.00
0,4000,4316078,180.00,180.52,5.38,4000.00
0,4000,4320078,180.00,180.65,5.38,4000.00
0,4000,4324078,180.00,180.78,5.38,4000.00
0,4000,4328078,180.00,180.78,0.00,4000.00
0,4000,4332078,180.00,180.90,5.38,4000.00
0,4000,4336078,180.00,181.03,5.38,4000.00
0,4000,4340078,180.00,181.03,0.00,4000.00
0,4000,4344078,180.00,181.03,0.00,4000.00
0,4000,4348078,180.00,180.90,-5.38,4000.00
0,4000,4352078,180.00,180.65,-10.77,4000.00
0,4000,4356078,180.00,180.52,-5.38,4000.00
0,4000,4360078,180.00,180.26,-10.77,4000.00
0,4000,4364078,180.00,180.00,-10.77,4000.00
0,4000,4368078,180.00,179.87,-5.38,4000.00
0,4000,4372078,180.00,179.74,-5.38,4000.00
0,4000,4376078,180.00,179.48,-10.77,4000.00
0,4000,4380078,180.00,179.35,-5.38,4000.00
0,4000,4384078,180.00,179.22,-5.38,4000.00
0,4000,4388078,180.00,179.10,-5.38,4000.00
0,4000,4392078,180.00,178.97,-5.38,4000.00
0,4000,4396078,180.00,178.84,-5.38,4000.00
0,4000,4400078,180.00,178.84,0.00,4000.00
0,4000,4404078,180.00,178.97,5.38,4000.00
0,4000,4408078,180.00,179.10,5.38,4000.00
0,4000,4412078,180.00,179.35,10.77,4000.00
0,4000,4416078,180.00,179.61,10.77,4000.00
0,4000,4420078,180.00,179.87,10.77,4000.00
0,4000,4424078,180.00,180.00,5.38,4000.00
0,4000,4428078,180.00,180.26,10.77,4000.00
0,4000,4432078,180.00,180.52,10.77,4000.00
0,4000,4436078,180.00,180.65,5.38,4000.00
0,4000,4440078,180.00,180.78,5.38,4000.00
0,4000,4444078,180.00,181.03,10.77,4000.00
0,4000,4448078,180.00,181.03,0.00,4000.00
0,4000,4452078,180.00,181.03,0.00,4000.00
0,4000,4456078,180.00,181.03,0.00,4000.00
0,4000,4460078,180.00,180.78,-10.77,4000.00
0,4000,4464078,180.00,180.52,-10.77,4000.00
0,4000,4468078,180.00,180.26,-10.77,4000.00
0,4000,4472078,180.00,180.00,-10.77,4000.00
0,4000,4476078,180.00,179.87,-5.38,4000.00
0,4000,4480078,180.00,179.61,-10.77,4000.00
0,4000,4484078,180.00,179.48,-5.38,4000.00
0,4000,4488078,180.00,179.22,-10.77,4000.00
0,4000,4492078,180.00,179.10,-5.38,4000.00
0,4000,4496078,180.00,178.97,-5.38,4000.00
0,4000,4500078,180.00,178.84,-5.38,4000.00
0,4000,4504078,180.00,178.71,-5.38,4000.00
0,4000,4508078,180.00,178.84,5.38,4000.00
0,4000,4512078,180.00,178.97,5.38,4000.00
0,4000,4516078,180.00,179.22,10.77,4000.00
0,4000,4520078,180.00,179.61,16.15,4000.00
0,4000,4524078,180.00,179.87,10.77,4000.00
0,4000,4528078,180.00,180.26,16.15,4000.00
0,4000,4532078,180.00,180.52,5.38,4000.00
0,4000,4536078,180.00,180.65,10.77,4000.00
0,4000,4540078,180.00,180.90,10.77,4000.00
0,4000,4544078,180.00,181.16,10.77,4000.00
0,4000,4548078,180.00,181.29,5.38,4000.00
0,4000,4552078,180.00,181.29,0.00,4000.00
0,4000,4556078,180.00,181.29,0.00,4000.00
0,4000,4560078,180.00,181.16,-5.38,4000.00
0,4000,4564078,180.00,181.03,-5.38,4000.00
0,4000,4568078,180.00,180.65,-16.15,4000.00
0,4000,4572078,180.00,180.26,-16.15,4000.00
0,4000,4576078,180.00,180.00,-10.77,4000.00
0,4000,4580078,180.00,179.61,-16.15,4000.00
0,4000,4584078,180.00,179.35,-10.77,4000.00
0,4000,4588078,180.00,179.10,-10.77,4000.00
0,4000,4592078,180.00,178.84,-10.77,4000.00
0,4000,4596078,180.00,178.58,-10.77,4000.00
0,4000,4600078,180.00,178.45,-5.38,4000.00
0,4000,4604078,180.00,178.45,0.00,4000.00
0,4000,4608078,180.00,178.58,5.38,4000.00
0,4000,4612078,180.00,178.84,10.77,4000.00
0,4000,4616078,180.00,179.10,10.77,4000.00
0,4000,4620078,180.00,179.48,16.15,4000.00
0,4000,4624078,180.00,179.74,10.77,4000.00
0,4000,4628078,180.00,180.00,10.77,4000.00
0,4000,4632078,180.00,180.39,16.15,4000.00
0,4000,4636078,180.00,180.65,10.77,4000.00
0,4000,4640078,180.00,180.90,10.77,4000.00
0,4000,4644078,180.00,181.03,5.38,4000.00
0,4000,4648078,180.00,181.29,10.77,4000.00
0,4000,4652078,180.00,181.29,0.00,4000.00
0,4000,4656078,180.00,181.29,0.00,4000.00
0,4000,4660078,180.00,181.16,-5.38,4000.00
0,4000,4664078,180.00,180.90,-5.38,4000.00
0,4000,4668078,180.00,180.65,-16.15,4000.00
0,4000,4672078,180.00,180.26,-16.15,4000.00
0,4000,4676078,180.00,180.00,-10.77,4000.00
0,4000,4680078,180.00,179.61,-16.15,4000.00
0,4000,4684078,180.00,179.35,-10.77,4000.00
0,4000,4688078,180.00,179.10,-10.77,4000.00
0,4000,4692078,180.00,178.84,-10.77,4000.00
0,4000,4696078,180.00,178.71,-5.38,4000.00
0,4000,4700078,180.00,178.58,-5.38,4000.00
0,4000,4704078,180.00,178.58,0.00,4000.00
0,4000,4708078,180.00,178.71,5.38,4000.00
0,4000,4712078,180.00,178.97,10.77,4000.00
0,4000,4716078,180.00,179.22,10.77,4000.00
0,4000,4720078,180.00,179.61,16.15,4000.00
0,4000,4724078,180.00,179.87,10.77,4000.00
0,4000,4728078,180.00,180.26,16.15,4000.00
0,4000,4732078,180.00,180.52,10.77,4000.00
0,4000,4736078,180.00,180.78,10.77,4000.00
0,4000,4740078,180.00,181.03,10.77,4000.00
0,4000,4744078,180.00,181.16,5.38,4000.00
0,4000,4748078,180.00,181.29,5.38,4000.00
0,4000,4752078,180.00,181.29,0.00,4000.00
0,4000,4756078,180.00,181.16,-5.38,4000.00
0,4000,4760078,180.00,180.90,-10.77,4000.00
0,4000,4764078,180.00,180.65,-10.77,4000.00
0,4000,4768078,180.00,180.39,-10.77,4000.00
0,4000,4772078,180.00,180.26,-5.38,4000.00
0,4000,4776078,180.00,180.00,-10.77,4000.00
0,4000,4780078,180.00,179.74,-10.77,4000.00
0,4000,4784078,180.00,179.48,-10.77,4000.00
0,4000,4788078,180.00,179.35,-5.38,4000.00
0,4000,4792078,180.00,179.22,-5.38,4000.00
0,4000,4796078,180.00,178.97,-10.77,4000.00
0,4000,4800078,180.00,178.84,0.00,4000.00
0,4000,4804078,180.00,178.84,-5.38,4000.00
0,4000,4808078,180.00,178.97,5.38,4000.00
0,4000,4812078,180.00,179.10,5.38,4000.00
0,4000,4816078,180.00,179.35,10.77,4000.00
0,4000,4820078,180.00,179.48,5.38,4000.00
0,4000,4824078,180.00,179.74,10.77,4000.00
0,4000,4828078,180.00,180.00,10.77,4000.00
0,4000,4832078,180.00,180.13,5.38,4000.00
0,4000,4836078,180.00,180.26,5.38,4000.00
0,4000,4840078,180.00,180.52,10.77,4000.00
0,4000,4844078,180.00,180.65,5.38,4000.00
0,4000,4848078,180.00,180.78,5.38,4000.00
0,4000,4852078,180.00,180.90,5.38,4000.00
0,4000,4856078,180.00,181.03,5.38,4000.00
0,4000,4860078,180.00,181.16,5.38,4000.00
0,4000,4864078,180.00,181.03,-5.38,4000.00
0,4000,4868078,180.00,180.90,0.00,4000.00
0,4000,4872078,180.00,180.78,-10.77,4000.00
0,4000,4876078,180.00,180.39,-10.77,4000.00
0,4000,4880078,180.00,180.13,-16.15,4000.00
0,4000,4884078,180.00,179.87,-10.77,4000.00
0,4000,4888078,180.00,179.74,-5.38,4000.00
0,4000,4892078,180.00,179.48,-10.77,4000.00
0,4000,4896078,180.00,179.22,-10.77,4000.00
0,4000,4900078,180.00,178.97,-10.77,4000.00
0,4000,4904078,180.00,178.84,-5.38,4000.00
0,4000,4908078,180.00,178.84,0.00,4000.00
0,4000,4912078,180.00,178.84,0.00,4000.00
0,4000,4916078,180.00,178.97,5.38,4000.00
0,4000,4920078,180.00,179.22,10.77,4000.00
0,4000,4924078,180.00,179.48,10.77,4000.00
0,4000,4928078,180.00,179.74,10.77,4000.00
0,4000,4932078,180.00,180.00,10.77,4000.00
0,4000,4936078,180.00,180.26,10.77,4000.00
0,4000,4940078,180.00,180.52,10.77,4000.00
0,4000,4944078,180.00,180.78,10.77,4000.00
0,4000,4948078,180.00,180.90,5.38,4000.00
0,4000,4952078,180.00,181.03,5.38,4000.00
0,4000,4956078,180.00,181.16,5.38,4000.00
0,4000,4960078,180.00,181.29,5.38,4000.00
0,4000,4964078,180.00,181.16,-5.38,4000.00
0,4000,4968078,180.00,181.03,-5.38,4000.00
0,4000,4972078,180.00,180.65,-16.15,4000.00
0,4000,4976078,180.00,180.39,-10.77,4000.00
